generation_project,timepoint,load_zone,ChargeMW,DischargeMW,StateOfCharge
Oahu_Battery_Bulk,2020-01-12 00:00,Oahu,0,0,0
Oahu_Battery_Bulk,2020-01-12 02:00,Oahu,0,0,0
Oahu_Battery_Bulk,2020-01-12 04:00,Oahu,0,0,0
Oahu_Battery_Bulk,2020-01-12 06:00,Oahu,0,0,0
Oahu_Battery_Bulk,2020-01-12 08:00,Oahu,0,0,0
Oahu_Battery_Bulk,2020-01-12 10:00,Oahu,0,0,0
Oahu_Battery_Bulk,2020-01-12 12:00,Oahu,0,0,0
Oahu_Battery_Bulk,2020-01-12 14:00,Oahu,0,0,0
Oahu_Battery_Bulk,2020-01-12 16:00,Oahu,0,0,0
Oahu_Battery_Bulk,2020-01-12 18:00,Oahu,0,0,0
Oahu_Battery_Bulk,2020-01-12 20:00,Oahu,0,0,0
Oahu_Battery_Bulk,2020-01-12 22:00,Oahu,0,0,0
Oahu_Battery_Bulk,2020-01-19 00:00,Oahu,0,0,0
Oahu_Battery_Bulk,2020-01-19 02:00,Oahu,0,0,0
Oahu_Battery_Bulk,2020-01-19 04:00,Oahu,0,0,0
Oahu_Battery_Bulk,2020-01-19 06:00,Oahu,0,0,0
Oahu_Battery_Bulk,2020-01-19 08:00,Oahu,0,0,0
Oahu_Battery_Bulk,2020-01-19 10:00,Oahu,0,0,0
Oahu_Battery_Bulk,2020-01-19 12:00,Oahu,0,0,0
Oahu_Battery_Bulk,2020-01-19 14:00,Oahu,0,0,0
Oahu_Battery_Bulk,2020-01-19 16:00,Oahu,0,0,0
Oahu_Battery_Bulk,2020-01-19 18:00,Oahu,0,0,0
Oahu_Battery_Bulk,2020-01-19 20:00,Oahu,0,0,0
Oahu_Battery_Bulk,2020-01-19 22:00,Oahu,0,0,0
Oahu_Battery_Bulk,2020-02-12 00:00,Oahu,0,0,0
Oahu_Battery_Bulk,2020-02-12 02:00,Oahu,0,0,0
Oahu_Battery_Bulk,2020-02-12 04:00,Oahu,0,0,0
Oahu_Battery_Bulk,2020-02-12 06:00,Oahu,0,0,0
Oahu_Battery_Bulk,2020-02-12 08:00,Oahu,0,0,0
Oahu_Battery_Bulk,2020-02-12 10:00,Oahu,0,0,0
Oahu_Battery_Bulk,2020-02-12 12:00,Oahu,0,0,0
Oahu_Battery_Bulk,2020-02-12 14:00,Oahu,0,0,0
Oahu_Battery_Bulk,2020-02-12 16:00,Oahu,0,0,0
Oahu_Battery_Bulk,2020-02-12 18:00,Oahu,0,0,0
Oahu_Battery_Bulk,2020-02-12 20:00,Oahu,0,0,0
Oahu_Battery_Bulk,2020-02-12 22:00,Oahu,0,0,0
Oahu_Battery_Bulk,2020-02-20 00:00,Oahu,0,0,0
Oahu_Battery_Bulk,2020-02-20 02:00,Oahu,0,0,0
Oahu_Battery_Bulk,2020-02-20 04:00,Oahu,0,0,0
Oahu_Battery_Bulk,2020-02-20 06:00,Oahu,0,0,0
Oahu_Battery_Bulk,2020-02-20 08:00,Oahu,0,0,0
Oahu_Battery_Bulk,2020-02-20 10:00,Oahu,0,0,0
Oahu_Battery_Bulk,2020-02-20 12:00,Oahu,0,0,0
Oahu_Battery_Bulk,2020-02-20 14:00,Oahu,0,0,0
Oahu_Battery_Bulk,2020-02-20 16:00,Oahu,0,0,0
Oahu_Battery_Bulk,2020-02-20 18:00,Oahu,0,0,0
Oahu_Battery_Bulk,2020-02-20 20:00,Oahu,0,0,0
Oahu_Battery_Bulk,2020-02-20 22:00,Oahu,0,0,0
Oahu_Battery_Bulk,2020-04-10 00:00,Oahu,0,0,0
Oahu_Battery_Bulk,2020-04-10 02:00,Oahu,0,0,0
Oahu_Battery_Bulk,2020-04-10 04:00,Oahu,0,0,0
Oahu_Battery_Bulk,2020-04-10 06:00,Oahu,0,0,0
Oahu_Battery_Bulk,2020-04-10 08:00,Oahu,0,0,0
Oahu_Battery_Bulk,2020-04-10 10:00,Oahu,0,0,0
Oahu_Battery_Bulk,2020-04-10 12:00,Oahu,0,0,0
Oahu_Battery_Bulk,2020-04-10 14:00,Oahu,0,0,0
Oahu_Battery_Bulk,2020-04-10 16:00,Oahu,0,0,0
Oahu_Battery_Bulk,2020-04-10 18:00,Oahu,0,0,0
Oahu_Battery_Bulk,2020-04-10 20:00,Oahu,0,0,0
Oahu_Battery_Bulk,2020-04-10 22:00,Oahu,0,0,0
Oahu_Battery_Bulk,2020-05-02 00:00,Oahu,0,0,0
Oahu_Battery_Bulk,2020-05-02 02:00,Oahu,0,0,0
Oahu_Battery_Bulk,2020-05-02 04:00,Oahu,0,0,0
Oahu_Battery_Bulk,2020-05-02 06:00,Oahu,0,0,0
Oahu_Battery_Bulk,2020-05-02 08:00,Oahu,0,0,0
Oahu_Battery_Bulk,2020-05-02 10:00,Oahu,0,0,0
Oahu_Battery_Bulk,2020-05-02 12:00,Oahu,0,0,0
Oahu_Battery_Bulk,2020-05-02 14:00,Oahu,0,0,0
Oahu_Battery_Bulk,2020-05-02 16:00,Oahu,0,0,0
Oahu_Battery_Bulk,2020-05-02 18:00,Oahu,0,0,0
Oahu_Battery_Bulk,2020-05-02 20:00,Oahu,0,0,0
Oahu_Battery_Bulk,2020-05-02 22:00,Oahu,0,0,0
Oahu_Battery_Bulk,2020-06-17 00:00,Oahu,0,0,0
Oahu_Battery_Bulk,2020-06-17 02:00,Oahu,0,0,0
Oahu_Battery_Bulk,2020-06-17 04:00,Oahu,0,0,0
Oahu_Battery_Bulk,2020-06-17 06:00,Oahu,0,0,0
Oahu_Battery_Bulk,2020-06-17 08:00,Oahu,0,0,0
Oahu_Battery_Bulk,2020-06-17 10:00,Oahu,0,0,0
Oahu_Battery_Bulk,2020-06-17 12:00,Oahu,0,0,0
Oahu_Battery_Bulk,2020-06-17 14:00,Oahu,0,0,0
Oahu_Battery_Bulk,2020-06-17 16:00,Oahu,0,0,0
Oahu_Battery_Bulk,2020-06-17 18:00,Oahu,0,0,0
Oahu_Battery_Bulk,2020-06-17 20:00,Oahu,0,0,0
Oahu_Battery_Bulk,2020-06-17 22:00,Oahu,0,0,0
Oahu_Battery_Bulk,2020-08-18 00:00,Oahu,0,0,0
Oahu_Battery_Bulk,2020-08-18 02:00,Oahu,0,0,0
Oahu_Battery_Bulk,2020-08-18 04:00,Oahu,0,0,0
Oahu_Battery_Bulk,2020-08-18 06:00,Oahu,0,0,0
Oahu_Battery_Bulk,2020-08-18 08:00,Oahu,0,0,0
Oahu_Battery_Bulk,2020-08-18 10:00,Oahu,0,0,0
Oahu_Battery_Bulk,2020-08-18 12:00,Oahu,0,0,0
Oahu_Battery_Bulk,2020-08-18 14:00,Oahu,0,0,0
Oahu_Battery_Bulk,2020-08-18 16:00,Oahu,0,0,0
Oahu_Battery_Bulk,2020-08-18 18:00,Oahu,0,0,0
Oahu_Battery_Bulk,2020-08-18 20:00,Oahu,0,0,0
Oahu_Battery_Bulk,2020-08-18 22:00,Oahu,0,0,0
Oahu_Battery_Bulk,2020-09-10 00:00,Oahu,0,0,0
Oahu_Battery_Bulk,2020-09-10 02:00,Oahu,0,0,0
Oahu_Battery_Bulk,2020-09-10 04:00,Oahu,0,0,0
Oahu_Battery_Bulk,2020-09-10 06:00,Oahu,0,0,0
Oahu_Battery_Bulk,2020-09-10 08:00,Oahu,0,0,0
Oahu_Battery_Bulk,2020-09-10 10:00,Oahu,0,0,0
Oahu_Battery_Bulk,2020-09-10 12:00,Oahu,0,0,0
Oahu_Battery_Bulk,2020-09-10 14:00,Oahu,0,0,0
Oahu_Battery_Bulk,2020-09-10 16:00,Oahu,0,0,0
Oahu_Battery_Bulk,2020-09-10 18:00,Oahu,0,0,0
Oahu_Battery_Bulk,2020-09-10 20:00,Oahu,0,0,0
Oahu_Battery_Bulk,2020-09-10 22:00,Oahu,0,0,0
Oahu_Battery_Bulk,2020-09-22 00:00,Oahu,0,0,0
Oahu_Battery_Bulk,2020-09-22 02:00,Oahu,0,0,0
Oahu_Battery_Bulk,2020-09-22 04:00,Oahu,0,0,0
Oahu_Battery_Bulk,2020-09-22 06:00,Oahu,0,0,0
Oahu_Battery_Bulk,2020-09-22 08:00,Oahu,0,0,0
Oahu_Battery_Bulk,2020-09-22 10:00,Oahu,0,0,0
Oahu_Battery_Bulk,2020-09-22 12:00,Oahu,0,0,0
Oahu_Battery_Bulk,2020-09-22 14:00,Oahu,0,0,0
Oahu_Battery_Bulk,2020-09-22 16:00,Oahu,0,0,0
Oahu_Battery_Bulk,2020-09-22 18:00,Oahu,0,0,0
Oahu_Battery_Bulk,2020-09-22 20:00,Oahu,0,0,0
Oahu_Battery_Bulk,2020-09-22 22:00,Oahu,0,0,0
Oahu_Battery_Bulk,2020-10-27 00:00,Oahu,0,0,0
Oahu_Battery_Bulk,2020-10-27 02:00,Oahu,0,0,0
Oahu_Battery_Bulk,2020-10-27 04:00,Oahu,0,0,0
Oahu_Battery_Bulk,2020-10-27 06:00,Oahu,0,0,0
Oahu_Battery_Bulk,2020-10-27 08:00,Oahu,0,0,0
Oahu_Battery_Bulk,2020-10-27 10:00,Oahu,0,0,0
Oahu_Battery_Bulk,2020-10-27 12:00,Oahu,0,0,0
Oahu_Battery_Bulk,2020-10-27 14:00,Oahu,0,0,0
Oahu_Battery_Bulk,2020-10-27 16:00,Oahu,0,0,0
Oahu_Battery_Bulk,2020-10-27 18:00,Oahu,0,0,0
Oahu_Battery_Bulk,2020-10-27 20:00,Oahu,0,0,0
Oahu_Battery_Bulk,2020-10-27 22:00,Oahu,0,0,0
Oahu_Battery_Bulk,2020-11-22 00:00,Oahu,0,0,0
Oahu_Battery_Bulk,2020-11-22 02:00,Oahu,0,0,0
Oahu_Battery_Bulk,2020-11-22 04:00,Oahu,0,0,0
Oahu_Battery_Bulk,2020-11-22 06:00,Oahu,0,0,0
Oahu_Battery_Bulk,2020-11-22 08:00,Oahu,0,0,0
Oahu_Battery_Bulk,2020-11-22 10:00,Oahu,0,0,0
Oahu_Battery_Bulk,2020-11-22 12:00,Oahu,0,0,0
Oahu_Battery_Bulk,2020-11-22 14:00,Oahu,0,0,0
Oahu_Battery_Bulk,2020-11-22 16:00,Oahu,0,0,0
Oahu_Battery_Bulk,2020-11-22 18:00,Oahu,0,0,0
Oahu_Battery_Bulk,2020-11-22 20:00,Oahu,0,0,0
Oahu_Battery_Bulk,2020-11-22 22:00,Oahu,0,0,0
Oahu_Battery_Bulk,2020-12-15 00:00,Oahu,0,0,0
Oahu_Battery_Bulk,2020-12-15 02:00,Oahu,0,0,0
Oahu_Battery_Bulk,2020-12-15 04:00,Oahu,0,0,0
Oahu_Battery_Bulk,2020-12-15 06:00,Oahu,0,0,0
Oahu_Battery_Bulk,2020-12-15 08:00,Oahu,0,0,0
Oahu_Battery_Bulk,2020-12-15 10:00,Oahu,0,0,0
Oahu_Battery_Bulk,2020-12-15 12:00,Oahu,0,0,0
Oahu_Battery_Bulk,2020-12-15 14:00,Oahu,0,0,0
Oahu_Battery_Bulk,2020-12-15 16:00,Oahu,0,0,0
Oahu_Battery_Bulk,2020-12-15 18:00,Oahu,0,0,0
Oahu_Battery_Bulk,2020-12-15 20:00,Oahu,0,0,0
Oahu_Battery_Bulk,2020-12-15 22:00,Oahu,0,0,0
Oahu_Battery_Bulk,2023-01-12 00:00,Oahu,63.1454,0,113.662
Oahu_Battery_Bulk,2023-01-12 02:00,Oahu,11.4537,0,134.278
Oahu_Battery_Bulk,2023-01-12 04:00,Oahu,55.4,0,233.998
Oahu_Battery_Bulk,2023-01-12 06:00,Oahu,0,116.999,0
Oahu_Battery_Bulk,2023-01-12 08:00,Oahu,0,0,0
Oahu_Battery_Bulk,2023-01-12 10:00,Oahu,0,0,0
Oahu_Battery_Bulk,2023-01-12 12:00,Oahu,158.446,0,285.202
Oahu_Battery_Bulk,2023-01-12 14:00,Oahu,151.236,0,557.427
Oahu_Battery_Bulk,2023-01-12 16:00,Oahu,126.677,0,785.446
Oahu_Battery_Bulk,2023-01-12 18:00,Oahu,0,243.195,299.055
Oahu_Battery_Bulk,2023-01-12 20:00,Oahu,0,125.452,48.1511
Oahu_Battery_Bulk,2023-01-12 22:00,Oahu,0,24.0756,0
Oahu_Battery_Bulk,2023-01-19 00:00,Oahu,0,0,0
Oahu_Battery_Bulk,2023-01-19 02:00,Oahu,13.299,0,23.9382
Oahu_Battery_Bulk,2023-01-19 04:00,Oahu,62.999,0,137.336
Oahu_Battery_Bulk,2023-01-19 06:00,Oahu,0,68.6682,0
Oahu_Battery_Bulk,2023-01-19 08:00,Oahu,149.335,0,268.803
Oahu_Battery_Bulk,2023-01-19 10:00,Oahu,0,0,268.803
Oahu_Battery_Bulk,2023-01-19 12:00,Oahu,187.613,0,606.506
Oahu_Battery_Bulk,2023-01-19 14:00,Oahu,167.324,0,907.689
Oahu_Battery_Bulk,2023-01-19 16:00,Oahu,22.7962,0,948.722
Oahu_Battery_Bulk,2023-01-19 18:00,Oahu,0,285.214,378.294
Oahu_Battery_Bulk,2023-01-19 20:00,Oahu,0,155.49,67.3146
Oahu_Battery_Bulk,2023-01-19 22:00,Oahu,0,33.6573,0
Oahu_Battery_Bulk,2023-02-12 00:00,Oahu,0,0,36.8657
Oahu_Battery_Bulk,2023-02-12 02:00,Oahu,23.6188,0,79.3795
Oahu_Battery_Bulk,2023-02-12 04:00,Oahu,0,0,79.3795
Oahu_Battery_Bulk,2023-02-12 06:00,Oahu,0,39.6897,0
Oahu_Battery_Bulk,2023-02-12 08:00,Oahu,132.825,0,239.086
Oahu_Battery_Bulk,2023-02-12 10:00,Oahu,125.552,0,465.08
Oahu_Battery_Bulk,2023-02-12 12:00,Oahu,61.1185,0,575.093
Oahu_Battery_Bulk,2023-02-12 14:00,Oahu,135.93,0,819.767
Oahu_Battery_Bulk,2023-02-12 16:00,Oahu,77.4299,0,959.141
Oahu_Battery_Bulk,2023-02-12 18:00,Oahu,0,281.102,396.937
Oahu_Battery_Bulk,2023-02-12 20:00,Oahu,0,157.15,82.6373
Oahu_Battery_Bulk,2023-02-12 22:00,Oahu,0,22.8858,36.8657
Oahu_Battery_Bulk,2023-02-20 00:00,Oahu,55.5548,0,99.9986
Oahu_Battery_Bulk,2023-02-20 02:00,Oahu,44.9816,0,180.965
Oahu_Battery_Bulk,2023-02-20 04:00,Oahu,41.9554,0,256.485
Oahu_Battery_Bulk,2023-02-20 06:00,Oahu,0,128.243,0
Oahu_Battery_Bulk,2023-02-20 08:00,Oahu,0,0,0
Oahu_Battery_Bulk,2023-02-20 10:00,Oahu,123.925,0,223.066
Oahu_Battery_Bulk,2023-02-20 12:00,Oahu,174.295,0,536.797
Oahu_Battery_Bulk,2023-02-20 14:00,Oahu,127.643,0,766.554
Oahu_Battery_Bulk,2023-02-20 16:00,Oahu,77.9506,0,906.865
Oahu_Battery_Bulk,2023-02-20 18:00,Oahu,0,281.788,343.289
Oahu_Battery_Bulk,2023-02-20 20:00,Oahu,0,171.645,0
Oahu_Battery_Bulk,2023-02-20 22:00,Oahu,0,0,0
Oahu_Battery_Bulk,2023-04-10 00:00,Oahu,0,0,0
Oahu_Battery_Bulk,2023-04-10 02:00,Oahu,46.3,0,83.34
Oahu_Battery_Bulk,2023-04-10 04:00,Oahu,5.42294,0,93.1013
Oahu_Battery_Bulk,2023-04-10 06:00,Oahu,0,0,93.1013
Oahu_Battery_Bulk,2023-04-10 08:00,Oahu,151.433,0,365.68
Oahu_Battery_Bulk,2023-04-10 10:00,Oahu,0,0,365.68
Oahu_Battery_Bulk,2023-04-10 12:00,Oahu,103.68,0,552.304
Oahu_Battery_Bulk,2023-04-10 14:00,Oahu,142.426,0,808.671
Oahu_Battery_Bulk,2023-04-10 16:00,Oahu,0,0,808.671
Oahu_Battery_Bulk,2023-04-10 18:00,Oahu,0,222.235,364.201
Oahu_Battery_Bulk,2023-04-10 20:00,Oahu,0,156.084,52.033
Oahu_Battery_Bulk,2023-04-10 22:00,Oahu,0,26.0165,0
Oahu_Battery_Bulk,2023-05-02 00:00,Oahu,0,0,191.185
Oahu_Battery_Bulk,2023-05-02 02:00,Oahu,0,0,191.185
Oahu_Battery_Bulk,2023-05-02 04:00,Oahu,0,0,191.185
Oahu_Battery_Bulk,2023-05-02 06:00,Oahu,0,95.5923,0
Oahu_Battery_Bulk,2023-05-02 08:00,Oahu,102.901,0,185.222
Oahu_Battery_Bulk,2023-05-02 10:00,Oahu,162.679,0,478.045
Oahu_Battery_Bulk,2023-05-02 12:00,Oahu,177.568,0,797.668
Oahu_Battery_Bulk,2023-05-02 14:00,Oahu,98.7864,0,975.484
Oahu_Battery_Bulk,2023-05-02 16:00,Oahu,144.645,0,1235.85
Oahu_Battery_Bulk,2023-05-02 18:00,Oahu,0,219.625,796.595
Oahu_Battery_Bulk,2023-05-02 20:00,Oahu,0,276.791,243.013
Oahu_Battery_Bulk,2023-05-02 22:00,Oahu,0,25.9141,191.185
Oahu_Battery_Bulk,2023-06-17 00:00,Oahu,0,0,0
Oahu_Battery_Bulk,2023-06-17 02:00,Oahu,0,0,0
Oahu_Battery_Bulk,2023-06-17 04:00,Oahu,0,0,0
Oahu_Battery_Bulk,2023-06-17 06:00,Oahu,0,0,0
Oahu_Battery_Bulk,2023-06-17 08:00,Oahu,127.011,0,228.62
Oahu_Battery_Bulk,2023-06-17 10:00,Oahu,0,0,228.62
Oahu_Battery_Bulk,2023-06-17 12:00,Oahu,168.319,0,531.595
Oahu_Battery_Bulk,2023-06-17 14:00,Oahu,40.882,0,605.182
Oahu_Battery_Bulk,2023-06-17 16:00,Oahu,0,0,605.182
Oahu_Battery_Bulk,2023-06-17 18:00,Oahu,0,97.6012,409.98
Oahu_Battery_Bulk,2023-06-17 20:00,Oahu,0,204.99,0
Oahu_Battery_Bulk,2023-06-17 22:00,Oahu,0,0,0
Oahu_Battery_Bulk,2023-08-18 00:00,Oahu,0,0,0
Oahu_Battery_Bulk,2023-08-18 02:00,Oahu,89.6989,0,161.458
Oahu_Battery_Bulk,2023-08-18 04:00,Oahu,43.834,0,240.359
Oahu_Battery_Bulk,2023-08-18 06:00,Oahu,0,120.18,0
Oahu_Battery_Bulk,2023-08-18 08:00,Oahu,194.565,0,350.217
Oahu_Battery_Bulk,2023-08-18 10:00,Oahu,0,0,350.217
Oahu_Battery_Bulk,2023-08-18 12:00,Oahu,233.136,0,769.862
Oahu_Battery_Bulk,2023-08-18 14:00,Oahu,0,0,769.862
Oahu_Battery_Bulk,2023-08-18 16:00,Oahu,148.949,0,1037.97
Oahu_Battery_Bulk,2023-08-18 18:00,Oahu,0,251.775,534.42
Oahu_Battery_Bulk,2023-08-18 20:00,Oahu,0,250.525,33.3709
Oahu_Battery_Bulk,2023-08-18 22:00,Oahu,0,16.6855,0
Oahu_Battery_Bulk,2023-09-10 00:00,Oahu,0,0,258.502
Oahu_Battery_Bulk,2023-09-10 02:00,Oahu,0,0,258.502
Oahu_Battery_Bulk,2023-09-10 04:00,Oahu,26.5908,0,306.366
Oahu_Battery_Bulk,2023-09-10 06:00,Oahu,0,153.183,0
Oahu_Battery_Bulk,2023-09-10 08:00,Oahu,157.1,0,282.78
Oahu_Battery_Bulk,2023-09-10 10:00,Oahu,131.994,0,520.369
Oahu_Battery_Bulk,2023-09-10 12:00,Oahu,153.588,0,796.827
Oahu_Battery_Bulk,2023-09-10 14:00,Oahu,189.403,0,1137.75
Oahu_Battery_Bulk,2023-09-10 16:00,Oahu,186.174,0,1472.87
Oahu_Battery_Bulk,2023-09-10 18:00,Oahu,0,314.879,843.106
Oahu_Battery_Bulk,2023-09-10 20:00,Oahu,0,222.993,397.121
Oahu_Battery_Bulk,2023-09-10 22:00,Oahu,0,69.3095,258.502
Oahu_Battery_Bulk,2023-09-22 00:00,Oahu,0,19.7262,143.139
Oahu_Battery_Bulk,2023-09-22 02:00,Oahu,0,0,143.139
Oahu_Battery_Bulk,2023-09-22 04:00,Oahu,0,0,143.139
Oahu_Battery_Bulk,2023-09-22 06:00,Oahu,0,71.5695,0
Oahu_Battery_Bulk,2023-09-22 08:00,Oahu,175.922,0,316.659
Oahu_Battery_Bulk,2023-09-22 10:00,Oahu,173.129,0,628.292
Oahu_Battery_Bulk,2023-09-22 12:00,Oahu,0,0,628.292
Oahu_Battery_Bulk,2023-09-22 14:00,Oahu,108.319,0,823.266
Oahu_Battery_Bulk,2023-09-22 16:00,Oahu,198.214,0,1180.05
Oahu_Battery_Bulk,2023-09-22 18:00,Oahu,0,215.395,749.262
Oahu_Battery_Bulk,2023-09-22 20:00,Oahu,0,198.52,352.221
Oahu_Battery_Bulk,2023-09-22 22:00,Oahu,0,84.815,182.591
Oahu_Battery_Bulk,2023-10-27 00:00,Oahu,0,0,0
Oahu_Battery_Bulk,2023-10-27 02:00,Oahu,0,0,0
Oahu_Battery_Bulk,2023-10-27 04:00,Oahu,0,0,0
Oahu_Battery_Bulk,2023-10-27 06:00,Oahu,0,0,0
Oahu_Battery_Bulk,2023-10-27 08:00,Oahu,167.602,0,301.684
Oahu_Battery_Bulk,2023-10-27 10:00,Oahu,0,0,301.684
Oahu_Battery_Bulk,2023-10-27 12:00,Oahu,108.436,0,496.869
Oahu_Battery_Bulk,2023-10-27 14:00,Oahu,130.812,0,732.331
Oahu_Battery_Bulk,2023-10-27 16:00,Oahu,0,0,732.331
Oahu_Battery_Bulk,2023-10-27 18:00,Oahu,0,181.091,370.149
Oahu_Battery_Bulk,2023-10-27 20:00,Oahu,0,150.951,68.2481
Oahu_Battery_Bulk,2023-10-27 22:00,Oahu,0,34.1241,0
Oahu_Battery_Bulk,2023-11-22 00:00,Oahu,7.76656,0,13.9798
Oahu_Battery_Bulk,2023-11-22 02:00,Oahu,0,0,13.9798
Oahu_Battery_Bulk,2023-11-22 04:00,Oahu,0.6535,0,15.1561
Oahu_Battery_Bulk,2023-11-22 06:00,Oahu,0,0,15.1561
Oahu_Battery_Bulk,2023-11-22 08:00,Oahu,0,0,15.1561
Oahu_Battery_Bulk,2023-11-22 10:00,Oahu,0,0,15.1561
Oahu_Battery_Bulk,2023-11-22 12:00,Oahu,0,0,15.1561
Oahu_Battery_Bulk,2023-11-22 14:00,Oahu,162.895,0,308.367
Oahu_Battery_Bulk,2023-11-22 16:00,Oahu,0,0,308.367
Oahu_Battery_Bulk,2023-11-22 18:00,Oahu,0,122.842,62.683
Oahu_Battery_Bulk,2023-11-22 20:00,Oahu,0,31.3415,0
Oahu_Battery_Bulk,2023-11-22 22:00,Oahu,0,0,0
Oahu_Battery_Bulk,2023-12-15 00:00,Oahu,0,0,0
Oahu_Battery_Bulk,2023-12-15 02:00,Oahu,0,0,0
Oahu_Battery_Bulk,2023-12-15 04:00,Oahu,0,0,0
Oahu_Battery_Bulk,2023-12-15 06:00,Oahu,0,0,0
Oahu_Battery_Bulk,2023-12-15 08:00,Oahu,50.235,0,90.4231
Oahu_Battery_Bulk,2023-12-15 10:00,Oahu,190.548,0,433.409
Oahu_Battery_Bulk,2023-12-15 12:00,Oahu,0,0,433.409
Oahu_Battery_Bulk,2023-12-15 14:00,Oahu,0,0,433.409
Oahu_Battery_Bulk,2023-12-15 16:00,Oahu,67.8549,0,555.547
Oahu_Battery_Bulk,2023-12-15 18:00,Oahu,0,201.029,153.49
Oahu_Battery_Bulk,2023-12-15 20:00,Oahu,0,76.7448,0
Oahu_Battery_Bulk,2023-12-15 22:00,Oahu,0,0,0
Oahu_Battery_Bulk,2025-01-12 00:00,Oahu,0,0,300.21
Oahu_Battery_Bulk,2025-01-12 02:00,Oahu,7.2271,0,313.219
Oahu_Battery_Bulk,2025-01-12 04:00,Oahu,0,11.798,289.623
Oahu_Battery_Bulk,2025-01-12 06:00,Oahu,0,144.812,0
Oahu_Battery_Bulk,2025-01-12 08:00,Oahu,0,0,0
Oahu_Battery_Bulk,2025-01-12 10:00,Oahu,95.0394,0,171.071
Oahu_Battery_Bulk,2025-01-12 12:00,Oahu,151.379,0,443.553
Oahu_Battery_Bulk,2025-01-12 14:00,Oahu,223.552,0,845.947
Oahu_Battery_Bulk,2025-01-12 16:00,Oahu,259.272,0,1312.64
Oahu_Battery_Bulk,2025-01-12 18:00,Oahu,0,308.59,695.457
Oahu_Battery_Bulk,2025-01-12 20:00,Oahu,0,162.088,371.281
Oahu_Battery_Bulk,2025-01-12 22:00,Oahu,0,35.5351,300.21
Oahu_Battery_Bulk,2025-01-19 00:00,Oahu,21.75,0,39.15
Oahu_Battery_Bulk,2025-01-19 02:00,Oahu,13.8889,0,64.15
Oahu_Battery_Bulk,2025-01-19 04:00,Oahu,32.549,0,122.738
Oahu_Battery_Bulk,2025-01-19 06:00,Oahu,0,61.3691,0
Oahu_Battery_Bulk,2025-01-19 08:00,Oahu,0,0,0
Oahu_Battery_Bulk,2025-01-19 10:00,Oahu,184.177,0,331.519
Oahu_Battery_Bulk,2025-01-19 12:00,Oahu,127.349,0,560.748
Oahu_Battery_Bulk,2025-01-19 14:00,Oahu,198.369,0,917.812
Oahu_Battery_Bulk,2025-01-19 16:00,Oahu,0,0,917.812
Oahu_Battery_Bulk,2025-01-19 18:00,Oahu,0,237.186,443.441
Oahu_Battery_Bulk,2025-01-19 20:00,Oahu,0,173.62,96.2016
Oahu_Battery_Bulk,2025-01-19 22:00,Oahu,0,48.1008,0
Oahu_Battery_Bulk,2025-02-12 00:00,Oahu,0,0,363.299
Oahu_Battery_Bulk,2025-02-12 02:00,Oahu,0,0,363.299
Oahu_Battery_Bulk,2025-02-12 04:00,Oahu,0,0,363.299
Oahu_Battery_Bulk,2025-02-12 06:00,Oahu,0,181.649,0
Oahu_Battery_Bulk,2025-02-12 08:00,Oahu,117.929,0,212.273
Oahu_Battery_Bulk,2025-02-12 10:00,Oahu,181.352,0,538.707
Oahu_Battery_Bulk,2025-02-12 12:00,Oahu,598.5,0,1616.01
Oahu_Battery_Bulk,2025-02-12 14:00,Oahu,173.959,0,1929.13
Oahu_Battery_Bulk,2025-02-12 16:00,Oahu,231.587,0,2345.99
Oahu_Battery_Bulk,2025-02-12 18:00,Oahu,0,477.855,1390.28
Oahu_Battery_Bulk,2025-02-12 20:00,Oahu,0,350.015,690.25
Oahu_Battery_Bulk,2025-02-12 22:00,Oahu,0,163.476,363.299
Oahu_Battery_Bulk,2025-02-20 00:00,Oahu,0,0,314.456
Oahu_Battery_Bulk,2025-02-20 02:00,Oahu,1.66907,0,317.46
Oahu_Battery_Bulk,2025-02-20 04:00,Oahu,0,0.587317,316.286
Oahu_Battery_Bulk,2025-02-20 06:00,Oahu,0,158.143,0
Oahu_Battery_Bulk,2025-02-20 08:00,Oahu,195.938,0,352.688
Oahu_Battery_Bulk,2025-02-20 10:00,Oahu,131.712,0,589.77
Oahu_Battery_Bulk,2025-02-20 12:00,Oahu,448.642,0,1397.33
Oahu_Battery_Bulk,2025-02-20 14:00,Oahu,133.076,0,1636.86
Oahu_Battery_Bulk,2025-02-20 16:00,Oahu,183.086,0,1966.42
Oahu_Battery_Bulk,2025-02-20 18:00,Oahu,0,376.796,1212.83
Oahu_Battery_Bulk,2025-02-20 20:00,Oahu,0,329.766,553.292
Oahu_Battery_Bulk,2025-02-20 22:00,Oahu,0,119.418,314.456
Oahu_Battery_Bulk,2025-04-10 00:00,Oahu,0,0,0
Oahu_Battery_Bulk,2025-04-10 02:00,Oahu,46.993,0,84.5873
Oahu_Battery_Bulk,2025-04-10 04:00,Oahu,29.9037,0,138.414
Oahu_Battery_Bulk,2025-04-10 06:00,Oahu,0,69.207,0
Oahu_Battery_Bulk,2025-04-10 08:00,Oahu,0,0,0
Oahu_Battery_Bulk,2025-04-10 10:00,Oahu,0,0,0
Oahu_Battery_Bulk,2025-04-10 12:00,Oahu,157.945,0,284.3
Oahu_Battery_Bulk,2025-04-10 14:00,Oahu,174.579,0,598.543
Oahu_Battery_Bulk,2025-04-10 16:00,Oahu,219.093,0,992.91
Oahu_Battery_Bulk,2025-04-10 18:00,Oahu,0,285.899,421.111
Oahu_Battery_Bulk,2025-04-10 20:00,Oahu,0,170.342,80.4279
Oahu_Battery_Bulk,2025-04-10 22:00,Oahu,0,40.2139,0
Oahu_Battery_Bulk,2025-05-02 00:00,Oahu,0,0,251.749
Oahu_Battery_Bulk,2025-05-02 02:00,Oahu,0,0,251.749
Oahu_Battery_Bulk,2025-05-02 04:00,Oahu,0,0,251.749
Oahu_Battery_Bulk,2025-05-02 06:00,Oahu,0,125.874,0
Oahu_Battery_Bulk,2025-05-02 08:00,Oahu,118.138,0,212.649
Oahu_Battery_Bulk,2025-05-02 10:00,Oahu,129.23,0,445.263
Oahu_Battery_Bulk,2025-05-02 12:00,Oahu,565.41,0,1463
Oahu_Battery_Bulk,2025-05-02 14:00,Oahu,179.762,0,1786.57
Oahu_Battery_Bulk,2025-05-02 16:00,Oahu,186.483,0,2122.24
Oahu_Battery_Bulk,2025-05-02 18:00,Oahu,0,367.45,1387.34
Oahu_Battery_Bulk,2025-05-02 20:00,Oahu,0,381.318,624.706
Oahu_Battery_Bulk,2025-05-02 22:00,Oahu,0,186.479,251.749
Oahu_Battery_Bulk,2025-06-17 00:00,Oahu,11.5732,0,20.8317
Oahu_Battery_Bulk,2025-06-17 02:00,Oahu,43.2425,0,98.6682
Oahu_Battery_Bulk,2025-06-17 04:00,Oahu,0,0,98.6682
Oahu_Battery_Bulk,2025-06-17 06:00,Oahu,0,49.3341,0
Oahu_Battery_Bulk,2025-06-17 08:00,Oahu,0,0,0
Oahu_Battery_Bulk,2025-06-17 10:00,Oahu,141.962,0,255.531
Oahu_Battery_Bulk,2025-06-17 12:00,Oahu,177.29,0,574.653
Oahu_Battery_Bulk,2025-06-17 14:00,Oahu,216.206,0,963.824
Oahu_Battery_Bulk,2025-06-17 16:00,Oahu,97.3892,0,1139.12
Oahu_Battery_Bulk,2025-06-17 18:00,Oahu,0,220.165,698.794
Oahu_Battery_Bulk,2025-06-17 20:00,Oahu,0,310.742,77.3093
Oahu_Battery_Bulk,2025-06-17 22:00,Oahu,0,38.6547,0
Oahu_Battery_Bulk,2025-08-18 00:00,Oahu,0,3.78356,266.285
Oahu_Battery_Bulk,2025-08-18 02:00,Oahu,17.6045,0,297.973
Oahu_Battery_Bulk,2025-08-18 04:00,Oahu,0,0,297.973
Oahu_Battery_Bulk,2025-08-18 06:00,Oahu,0,148.987,0
Oahu_Battery_Bulk,2025-08-18 08:00,Oahu,0,0,0
Oahu_Battery_Bulk,2025-08-18 10:00,Oahu,161.987,0,291.577
Oahu_Battery_Bulk,2025-08-18 12:00,Oahu,419.001,0,1045.78
Oahu_Battery_Bulk,2025-08-18 14:00,Oahu,233.237,0,1465.6
Oahu_Battery_Bulk,2025-08-18 16:00,Oahu,319.576,0,2040.84
Oahu_Battery_Bulk,2025-08-18 18:00,Oahu,0,298.223,1444.39
Oahu_Battery_Bulk,2025-08-18 20:00,Oahu,0,403.32,637.755
Oahu_Battery_Bulk,2025-08-18 22:00,Oahu,0,181.951,273.852
Oahu_Battery_Bulk,2025-09-10 00:00,Oahu,0,27.7152,353.57
Oahu_Battery_Bulk,2025-09-10 02:00,Oahu,0,0,353.57
Oahu_Battery_Bulk,2025-09-10 04:00,Oahu,0,0,353.57
Oahu_Battery_Bulk,2025-09-10 06:00,Oahu,0,176.785,0
Oahu_Battery_Bulk,2025-09-10 08:00,Oahu,167.401,0,301.321
Oahu_Battery_Bulk,2025-09-10 10:00,Oahu,210.66,0,680.51
Oahu_Battery_Bulk,2025-09-10 12:00,Oahu,284.608,0,1192.8
Oahu_Battery_Bulk,2025-09-10 14:00,Oahu,228.707,0,1604.48
Oahu_Battery_Bulk,2025-09-10 16:00,Oahu,400.115,0,2324.68
Oahu_Battery_Bulk,2025-09-10 18:00,Oahu,0,447.741,1429.2
Oahu_Battery_Bulk,2025-09-10 20:00,Oahu,0,368.484,692.232
Oahu_Battery_Bulk,2025-09-10 22:00,Oahu,0,141.616,409
Oahu_Battery_Bulk,2025-09-22 00:00,Oahu,0,45.3758,402.871
Oahu_Battery_Bulk,2025-09-22 02:00,Oahu,0,58.1062,286.659
Oahu_Battery_Bulk,2025-09-22 04:00,Oahu,0,45.1542,196.351
Oahu_Battery_Bulk,2025-09-22 06:00,Oahu,0,98.1753,0
Oahu_Battery_Bulk,2025-09-22 08:00,Oahu,128.216,0,230.789
Oahu_Battery_Bulk,2025-09-22 10:00,Oahu,192.883,0,577.978
Oahu_Battery_Bulk,2025-09-22 12:00,Oahu,225.733,0,984.298
Oahu_Battery_Bulk,2025-09-22 14:00,Oahu,568.053,0,2006.79
Oahu_Battery_Bulk,2025-09-22 16:00,Oahu,188.443,0,2345.99
Oahu_Battery_Bulk,2025-09-22 18:00,Oahu,0,464.822,1416.35
Oahu_Battery_Bulk,2025-09-22 20:00,Oahu,0,316.326,783.693
Oahu_Battery_Bulk,2025-09-22 22:00,Oahu,0,145.035,493.623
Oahu_Battery_Bulk,2025-10-27 00:00,Oahu,0,11.7051,106.07
Oahu_Battery_Bulk,2025-10-27 02:00,Oahu,0,0,106.07
Oahu_Battery_Bulk,2025-10-27 04:00,Oahu,0,0,106.07
Oahu_Battery_Bulk,2025-10-27 06:00,Oahu,0,53.0348,0
Oahu_Battery_Bulk,2025-10-27 08:00,Oahu,137.589,0,247.66
Oahu_Battery_Bulk,2025-10-27 10:00,Oahu,152.266,0,521.739
Oahu_Battery_Bulk,2025-10-27 12:00,Oahu,225.282,0,927.247
Oahu_Battery_Bulk,2025-10-27 14:00,Oahu,215.92,0,1315.9
Oahu_Battery_Bulk,2025-10-27 16:00,Oahu,83.5723,0,1466.33
Oahu_Battery_Bulk,2025-10-27 18:00,Oahu,0,347.906,770.522
Oahu_Battery_Bulk,2025-10-27 20:00,Oahu,0,257.567,255.389
Oahu_Battery_Bulk,2025-10-27 22:00,Oahu,0,62.9544,129.48
Oahu_Battery_Bulk,2025-11-22 00:00,Oahu,0,0,0
Oahu_Battery_Bulk,2025-11-22 02:00,Oahu,0,0,0
Oahu_Battery_Bulk,2025-11-22 04:00,Oahu,0,0,0
Oahu_Battery_Bulk,2025-11-22 06:00,Oahu,0,0,0
Oahu_Battery_Bulk,2025-11-22 08:00,Oahu,0,0,0
Oahu_Battery_Bulk,2025-11-22 10:00,Oahu,0,0,0
Oahu_Battery_Bulk,2025-11-22 12:00,Oahu,144.724,0,260.504
Oahu_Battery_Bulk,2025-11-22 14:00,Oahu,5.02921,0,269.556
Oahu_Battery_Bulk,2025-11-22 16:00,Oahu,0,0,269.556
Oahu_Battery_Bulk,2025-11-22 18:00,Oahu,0,84.6434,100.27
Oahu_Battery_Bulk,2025-11-22 20:00,Oahu,0,50.1348,0
Oahu_Battery_Bulk,2025-11-22 22:00,Oahu,0,0,0
Oahu_Battery_Bulk,2025-12-15 00:00,Oahu,0,0,0
Oahu_Battery_Bulk,2025-12-15 02:00,Oahu,0,0,0
Oahu_Battery_Bulk,2025-12-15 04:00,Oahu,0,0,0
Oahu_Battery_Bulk,2025-12-15 06:00,Oahu,0,0,0
Oahu_Battery_Bulk,2025-12-15 08:00,Oahu,133.552,0,240.393
Oahu_Battery_Bulk,2025-12-15 10:00,Oahu,41.8915,0,315.797
Oahu_Battery_Bulk,2025-12-15 12:00,Oahu,142.585,0,572.45
Oahu_Battery_Bulk,2025-12-15 14:00,Oahu,152.266,0,846.53
Oahu_Battery_Bulk,2025-12-15 16:00,Oahu,99.4339,0,1025.51
Oahu_Battery_Bulk,2025-12-15 18:00,Oahu,0,259.174,507.163
Oahu_Battery_Bulk,2025-12-15 20:00,Oahu,0,228.778,49.6063
Oahu_Battery_Bulk,2025-12-15 22:00,Oahu,0,24.8032,0
Oahu_Battery_Bulk,2030-01-12 00:00,Oahu,0,237.755,1288.18
Oahu_Battery_Bulk,2030-01-12 02:00,Oahu,0,93.0613,1102.06
Oahu_Battery_Bulk,2030-01-12 04:00,Oahu,0,146.264,809.529
Oahu_Battery_Bulk,2030-01-12 06:00,Oahu,0,404.764,0
Oahu_Battery_Bulk,2030-01-12 08:00,Oahu,181.056,0,325.9
Oahu_Battery_Bulk,2030-01-12 10:00,Oahu,441.068,0,1119.82
Oahu_Battery_Bulk,2030-01-12 12:00,Oahu,598.5,0,2197.12
Oahu_Battery_Bulk,2030-01-12 14:00,Oahu,598.5,0,3274.42
Oahu_Battery_Bulk,2030-01-12 16:00,Oahu,497.881,0,4170.61
Oahu_Battery_Bulk,2030-01-12 18:00,Oahu,0,598.5,2973.61
Oahu_Battery_Bulk,2030-01-12 20:00,Oahu,0,394.695,2184.22
Oahu_Battery_Bulk,2030-01-12 22:00,Oahu,0,210.266,1763.69
Oahu_Battery_Bulk,2030-01-19 00:00,Oahu,0,0,454.806
Oahu_Battery_Bulk,2030-01-19 02:00,Oahu,0,0,454.806
Oahu_Battery_Bulk,2030-01-19 04:00,Oahu,0,63.3887,328.029
Oahu_Battery_Bulk,2030-01-19 06:00,Oahu,0,164.014,0
Oahu_Battery_Bulk,2030-01-19 08:00,Oahu,286.533,0,515.759
Oahu_Battery_Bulk,2030-01-19 10:00,Oahu,251.447,0,968.363
Oahu_Battery_Bulk,2030-01-19 12:00,Oahu,598.5,0,2045.66
Oahu_Battery_Bulk,2030-01-19 14:00,Oahu,270.906,0,2533.29
Oahu_Battery_Bulk,2030-01-19 16:00,Oahu,0,52.0339,2429.23
Oahu_Battery_Bulk,2030-01-19 18:00,Oahu,0,404.403,1620.42
Oahu_Battery_Bulk,2030-01-19 20:00,Oahu,0,345.196,930.028
Oahu_Battery_Bulk,2030-01-19 22:00,Oahu,0,237.611,454.806
Oahu_Battery_Bulk,2030-02-12 00:00,Oahu,0,67.8891,1049.48
Oahu_Battery_Bulk,2030-02-12 02:00,Oahu,0,35.2509,978.982
Oahu_Battery_Bulk,2030-02-12 04:00,Oahu,0,179.891,619.2
Oahu_Battery_Bulk,2030-02-12 06:00,Oahu,0,309.6,0
Oahu_Battery_Bulk,2030-02-12 08:00,Oahu,220.411,0,396.74
Oahu_Battery_Bulk,2030-02-12 10:00,Oahu,598.5,267.665,938.71
Oahu_Battery_Bulk,2030-02-12 12:00,Oahu,598.5,0,2016.01
Oahu_Battery_Bulk,2030-02-12 14:00,Oahu,598.5,0,3093.31
Oahu_Battery_Bulk,2030-02-12 16:00,Oahu,598.5,0,4170.61
Oahu_Battery_Bulk,2030-02-12 18:00,Oahu,0,598.5,2973.61
Oahu_Battery_Bulk,2030-02-12 20:00,Oahu,0,453.652,2066.31
Oahu_Battery_Bulk,2030-02-12 22:00,Oahu,0,440.522,1185.26
Oahu_Battery_Bulk,2030-02-20 00:00,Oahu,0,79.6296,1388.92
Oahu_Battery_Bulk,2030-02-20 02:00,Oahu,0,174.293,1040.34
Oahu_Battery_Bulk,2030-02-20 04:00,Oahu,0,220.75,598.836
Oahu_Battery_Bulk,2030-02-20 06:00,Oahu,0,299.418,0
Oahu_Battery_Bulk,2030-02-20 08:00,Oahu,454.177,0,817.519
Oahu_Battery_Bulk,2030-02-20 10:00,Oahu,598.5,0,1894.82
Oahu_Battery_Bulk,2030-02-20 12:00,Oahu,598.5,0,2972.12
Oahu_Battery_Bulk,2030-02-20 14:00,Oahu,598.5,0,4049.42
Oahu_Battery_Bulk,2030-02-20 16:00,Oahu,67.3282,0,4170.61
Oahu_Battery_Bulk,2030-02-20 18:00,Oahu,0,590.926,2988.76
Oahu_Battery_Bulk,2030-02-20 20:00,Oahu,0,350.255,2288.25
Oahu_Battery_Bulk,2030-02-20 22:00,Oahu,0,370.033,1548.18
Oahu_Battery_Bulk,2030-04-10 00:00,Oahu,0,0,587.824
Oahu_Battery_Bulk,2030-04-10 02:00,Oahu,0,0,587.824
Oahu_Battery_Bulk,2030-04-10 04:00,Oahu,0,89.9384,407.947
Oahu_Battery_Bulk,2030-04-10 06:00,Oahu,0,203.973,0
Oahu_Battery_Bulk,2030-04-10 08:00,Oahu,133.524,0,240.343
Oahu_Battery_Bulk,2030-04-10 10:00,Oahu,386.504,0,936.049
Oahu_Battery_Bulk,2030-04-10 12:00,Oahu,209.727,0,1313.56
Oahu_Battery_Bulk,2030-04-10 14:00,Oahu,233.345,0,1733.58
Oahu_Battery_Bulk,2030-04-10 16:00,Oahu,360.668,0,2382.78
Oahu_Battery_Bulk,2030-04-10 18:00,Oahu,0,308.115,1766.55
Oahu_Battery_Bulk,2030-04-10 20:00,Oahu,0,359.726,1047.1
Oahu_Battery_Bulk,2030-04-10 22:00,Oahu,0,229.638,587.824
Oahu_Battery_Bulk,2030-05-02 00:00,Oahu,0,108.363,1828.98
Oahu_Battery_Bulk,2030-05-02 02:00,Oahu,0,186.687,1455.6
Oahu_Battery_Bulk,2030-05-02 04:00,Oahu,0,381.524,692.557
Oahu_Battery_Bulk,2030-05-02 06:00,Oahu,0,346.279,0
Oahu_Battery_Bulk,2030-05-02 08:00,Oahu,333.387,0,600.097
Oahu_Battery_Bulk,2030-05-02 10:00,Oahu,598.5,0,1677.4
Oahu_Battery_Bulk,2030-05-02 12:00,Oahu,598.5,0,2754.7
Oahu_Battery_Bulk,2030-05-02 14:00,Oahu,396.327,0,3468.09
Oahu_Battery_Bulk,2030-05-02 16:00,Oahu,390.291,0,4170.61
Oahu_Battery_Bulk,2030-05-02 18:00,Oahu,0,389.031,3392.55
Oahu_Battery_Bulk,2030-05-02 20:00,Oahu,0,473.344,2445.86
Oahu_Battery_Bulk,2030-05-02 22:00,Oahu,0,200.077,2045.7
Oahu_Battery_Bulk,2030-06-17 00:00,Oahu,0,234.864,1030.24
Oahu_Battery_Bulk,2030-06-17 02:00,Oahu,0,190.797,648.644
Oahu_Battery_Bulk,2030-06-17 04:00,Oahu,0,125.447,397.749
Oahu_Battery_Bulk,2030-06-17 06:00,Oahu,0,198.875,0
Oahu_Battery_Bulk,2030-06-17 08:00,Oahu,250.869,0,451.564
Oahu_Battery_Bulk,2030-06-17 10:00,Oahu,598.5,0,1528.86
Oahu_Battery_Bulk,2030-06-17 12:00,Oahu,598.5,0,2606.16
Oahu_Battery_Bulk,2030-06-17 14:00,Oahu,598.5,0,3683.46
Oahu_Battery_Bulk,2030-06-17 16:00,Oahu,270.636,0,4170.61
Oahu_Battery_Bulk,2030-06-17 18:00,Oahu,0,393.27,3384.07
Oahu_Battery_Bulk,2030-06-17 20:00,Oahu,0,598.5,2187.07
Oahu_Battery_Bulk,2030-06-17 22:00,Oahu,0,343.552,1499.97
Oahu_Battery_Bulk,2030-08-18 00:00,Oahu,0,103.514,1206.9
Oahu_Battery_Bulk,2030-08-18 02:00,Oahu,0,27.8884,1151.13
Oahu_Battery_Bulk,2030-08-18 04:00,Oahu,0,326.405,498.317
Oahu_Battery_Bulk,2030-08-18 06:00,Oahu,0,249.159,0
Oahu_Battery_Bulk,2030-08-18 08:00,Oahu,307.41,0,553.337
Oahu_Battery_Bulk,2030-08-18 10:00,Oahu,598.5,0,1630.64
Oahu_Battery_Bulk,2030-08-18 12:00,Oahu,598.5,0,2707.94
Oahu_Battery_Bulk,2030-08-18 14:00,Oahu,598.5,0,3785.24
Oahu_Battery_Bulk,2030-08-18 16:00,Oahu,598.5,345.964,4170.61
Oahu_Battery_Bulk,2030-08-18 18:00,Oahu,0,495.809,3178.99
Oahu_Battery_Bulk,2030-08-18 20:00,Oahu,0,598.5,1981.99
Oahu_Battery_Bulk,2030-08-18 22:00,Oahu,0,284.03,1413.93
Oahu_Battery_Bulk,2030-09-10 00:00,Oahu,0,117.628,1159.21
Oahu_Battery_Bulk,2030-09-10 02:00,Oahu,0,73.0833,1013.04
Oahu_Battery_Bulk,2030-09-10 04:00,Oahu,0,136.696,739.647
Oahu_Battery_Bulk,2030-09-10 06:00,Oahu,0,369.824,0
Oahu_Battery_Bulk,2030-09-10 08:00,Oahu,313.387,0,564.097
Oahu_Battery_Bulk,2030-09-10 10:00,Oahu,498.065,0,1460.61
Oahu_Battery_Bulk,2030-09-10 12:00,Oahu,308.553,0,2016.01
Oahu_Battery_Bulk,2030-09-10 14:00,Oahu,598.5,0,3093.31
Oahu_Battery_Bulk,2030-09-10 16:00,Oahu,598.5,0,4170.61
Oahu_Battery_Bulk,2030-09-10 18:00,Oahu,0,549.486,3071.64
Oahu_Battery_Bulk,2030-09-10 20:00,Oahu,0,482.801,2106.04
Oahu_Battery_Bulk,2030-09-10 22:00,Oahu,0,355.788,1394.46
Oahu_Battery_Bulk,2030-09-22 00:00,Oahu,0,128.895,1198.88
Oahu_Battery_Bulk,2030-09-22 02:00,Oahu,0,147.997,902.888
Oahu_Battery_Bulk,2030-09-22 04:00,Oahu,0,246.568,409.753
Oahu_Battery_Bulk,2030-09-22 06:00,Oahu,0,204.876,0
Oahu_Battery_Bulk,2030-09-22 08:00,Oahu,151.232,0,272.218
Oahu_Battery_Bulk,2030-09-22 10:00,Oahu,598.5,0,1349.52
Oahu_Battery_Bulk,2030-09-22 12:00,Oahu,598.5,0,2426.82
Oahu_Battery_Bulk,2030-09-22 14:00,Oahu,598.5,205.404,3093.31
Oahu_Battery_Bulk,2030-09-22 16:00,Oahu,598.5,0,4170.61
Oahu_Battery_Bulk,2030-09-22 18:00,Oahu,0,598.5,2973.61
Oahu_Battery_Bulk,2030-09-22 20:00,Oahu,0,361.318,2250.97
Oahu_Battery_Bulk,2030-09-22 22:00,Oahu,0,397.151,1456.67
Oahu_Battery_Bulk,2030-10-27 00:00,Oahu,0,334.726,878.574
Oahu_Battery_Bulk,2030-10-27 02:00,Oahu,0,45.6224,787.329
Oahu_Battery_Bulk,2030-10-27 04:00,Oahu,0,200.255,386.818
Oahu_Battery_Bulk,2030-10-27 06:00,Oahu,0,193.409,0
Oahu_Battery_Bulk,2030-10-27 08:00,Oahu,598.5,0,1077.3
Oahu_Battery_Bulk,2030-10-27 10:00,Oahu,598.5,0,2154.6
Oahu_Battery_Bulk,2030-10-27 12:00,Oahu,598.5,0,3231.9
Oahu_Battery_Bulk,2030-10-27 14:00,Oahu,521.505,0,4170.61
Oahu_Battery_Bulk,2030-10-27 16:00,Oahu,0,0,4170.61
Oahu_Battery_Bulk,2030-10-27 18:00,Oahu,0,598.5,2973.61
Oahu_Battery_Bulk,2030-10-27 20:00,Oahu,0,384.611,2204.39
Oahu_Battery_Bulk,2030-10-27 22:00,Oahu,0,328.18,1548.03
Oahu_Battery_Bulk,2030-11-22 00:00,Oahu,0,0,0
Oahu_Battery_Bulk,2030-11-22 02:00,Oahu,0,0,0
Oahu_Battery_Bulk,2030-11-22 04:00,Oahu,0,0,0
Oahu_Battery_Bulk,2030-11-22 06:00,Oahu,0,0,0
Oahu_Battery_Bulk,2030-11-22 08:00,Oahu,0,0,0
Oahu_Battery_Bulk,2030-11-22 10:00,Oahu,0,0,0
Oahu_Battery_Bulk,2030-11-22 12:00,Oahu,245.598,0,442.077
Oahu_Battery_Bulk,2030-11-22 14:00,Oahu,0,0,442.077
Oahu_Battery_Bulk,2030-11-22 16:00,Oahu,0,0,442.077
Oahu_Battery_Bulk,2030-11-22 18:00,Oahu,0,163.744,114.588
Oahu_Battery_Bulk,2030-11-22 20:00,Oahu,0,57.294,0
Oahu_Battery_Bulk,2030-11-22 22:00,Oahu,0,0,0
Oahu_Battery_Bulk,2030-12-15 00:00,Oahu,0,97.2139,1545.65
Oahu_Battery_Bulk,2030-12-15 02:00,Oahu,0,146.344,1252.96
Oahu_Battery_Bulk,2030-12-15 04:00,Oahu,0,75.8498,1101.26
Oahu_Battery_Bulk,2030-12-15 06:00,Oahu,0,292.489,516.282
Oahu_Battery_Bulk,2030-12-15 08:00,Oahu,251.502,0,968.986
Oahu_Battery_Bulk,2030-12-15 10:00,Oahu,598.5,0,2046.29
Oahu_Battery_Bulk,2030-12-15 12:00,Oahu,598.5,0,3123.59
Oahu_Battery_Bulk,2030-12-15 14:00,Oahu,355.465,0,3763.42
Oahu_Battery_Bulk,2030-12-15 16:00,Oahu,226.215,0,4170.61
Oahu_Battery_Bulk,2030-12-15 18:00,Oahu,0,573.488,3023.63
Oahu_Battery_Bulk,2030-12-15 20:00,Oahu,0,302.246,2419.14
Oahu_Battery_Bulk,2030-12-15 22:00,Oahu,0,339.533,1740.07
Oahu_Battery_Bulk,2035-01-12 00:00,Oahu,0,264.819,1240.97
Oahu_Battery_Bulk,2035-01-12 02:00,Oahu,0,178.959,883.053
Oahu_Battery_Bulk,2035-01-12 04:00,Oahu,0,251.687,379.679
Oahu_Battery_Bulk,2035-01-12 06:00,Oahu,0,189.84,0
Oahu_Battery_Bulk,2035-01-12 08:00,Oahu,367.293,0,661.127
Oahu_Battery_Bulk,2035-01-12 10:00,Oahu,364.846,0,1317.85
Oahu_Battery_Bulk,2035-01-12 12:00,Oahu,598.5,0,2395.15
Oahu_Battery_Bulk,2035-01-12 14:00,Oahu,598.5,0,3472.45
Oahu_Battery_Bulk,2035-01-12 16:00,Oahu,598.5,0,4549.75
Oahu_Battery_Bulk,2035-01-12 18:00,Oahu,0,564.265,3421.22
Oahu_Battery_Bulk,2035-01-12 20:00,Oahu,0,411.946,2597.33
Oahu_Battery_Bulk,2035-01-12 22:00,Oahu,0,413.359,1770.61
Oahu_Battery_Bulk,2035-01-19 00:00,Oahu,0,0,0
Oahu_Battery_Bulk,2035-01-19 02:00,Oahu,16.301,0,29.3418
Oahu_Battery_Bulk,2035-01-19 04:00,Oahu,0,0,29.3418
Oahu_Battery_Bulk,2035-01-19 06:00,Oahu,0,14.6709,0
Oahu_Battery_Bulk,2035-01-19 08:00,Oahu,249.858,0,449.744
Oahu_Battery_Bulk,2035-01-19 10:00,Oahu,249.531,0,898.901
Oahu_Battery_Bulk,2035-01-19 12:00,Oahu,598.5,0,1976.2
Oahu_Battery_Bulk,2035-01-19 14:00,Oahu,273.964,0,2469.34
Oahu_Battery_Bulk,2035-01-19 16:00,Oahu,0,0,2469.34
Oahu_Battery_Bulk,2035-01-19 18:00,Oahu,0,560.717,1347.9
Oahu_Battery_Bulk,2035-01-19 20:00,Oahu,0,488.855,370.193
Oahu_Battery_Bulk,2035-01-19 22:00,Oahu,0,185.097,0
Oahu_Battery_Bulk,2035-02-12 00:00,Oahu,0,144.048,1313.02
Oahu_Battery_Bulk,2035-02-12 02:00,Oahu,0,114.933,1083.16
Oahu_Battery_Bulk,2035-02-12 04:00,Oahu,0,237.4,608.354
Oahu_Battery_Bulk,2035-02-12 06:00,Oahu,0,304.177,0
Oahu_Battery_Bulk,2035-02-12 08:00,Oahu,282.732,0,508.918
Oahu_Battery_Bulk,2035-02-12 10:00,Oahu,598.5,0,1586.22
Oahu_Battery_Bulk,2035-02-12 12:00,Oahu,598.5,0,2663.52
Oahu_Battery_Bulk,2035-02-12 14:00,Oahu,449.407,0,3472.45
Oahu_Battery_Bulk,2035-02-12 16:00,Oahu,598.5,0,4549.75
Oahu_Battery_Bulk,2035-02-12 18:00,Oahu,0,536.617,3476.52
Oahu_Battery_Bulk,2035-02-12 20:00,Oahu,0,555.308,2365.9
Oahu_Battery_Bulk,2035-02-12 22:00,Oahu,0,382.392,1601.12
Oahu_Battery_Bulk,2035-02-20 00:00,Oahu,0,246.966,912.15
Oahu_Battery_Bulk,2035-02-20 02:00,Oahu,0,101.2,709.75
Oahu_Battery_Bulk,2035-02-20 04:00,Oahu,0,16.0632,677.624
Oahu_Battery_Bulk,2035-02-20 06:00,Oahu,0,338.812,0
Oahu_Battery_Bulk,2035-02-20 08:00,Oahu,598.5,0,1077.3
Oahu_Battery_Bulk,2035-02-20 10:00,Oahu,598.5,0,2154.6
Oahu_Battery_Bulk,2035-02-20 12:00,Oahu,598.5,0,3231.9
Oahu_Battery_Bulk,2035-02-20 14:00,Oahu,598.5,0,4309.2
Oahu_Battery_Bulk,2035-02-20 16:00,Oahu,133.639,0,4549.75
Oahu_Battery_Bulk,2035-02-20 18:00,Oahu,0,598.5,3352.75
Oahu_Battery_Bulk,2035-02-20 20:00,Oahu,0,550.384,2251.98
Oahu_Battery_Bulk,2035-02-20 22:00,Oahu,0,422.951,1406.08
Oahu_Battery_Bulk,2035-04-10 00:00,Oahu,0,0,409.157
Oahu_Battery_Bulk,2035-04-10 02:00,Oahu,0,0,409.157
Oahu_Battery_Bulk,2035-04-10 04:00,Oahu,0,0,409.157
Oahu_Battery_Bulk,2035-04-10 06:00,Oahu,0,204.578,0
Oahu_Battery_Bulk,2035-04-10 08:00,Oahu,186.922,0,336.459
Oahu_Battery_Bulk,2035-04-10 10:00,Oahu,248.674,0,784.072
Oahu_Battery_Bulk,2035-04-10 12:00,Oahu,338.119,0,1392.69
Oahu_Battery_Bulk,2035-04-10 14:00,Oahu,375.775,0,2069.08
Oahu_Battery_Bulk,2035-04-10 16:00,Oahu,539.893,0,3040.89
Oahu_Battery_Bulk,2035-04-10 18:00,Oahu,0,586.818,1867.25
Oahu_Battery_Bulk,2035-04-10 20:00,Oahu,0,524.255,818.744
Oahu_Battery_Bulk,2035-04-10 22:00,Oahu,0,204.794,409.157
Oahu_Battery_Bulk,2035-05-02 00:00,Oahu,0,245.815,1225.07
Oahu_Battery_Bulk,2035-05-02 02:00,Oahu,0,66.2229,1092.63
Oahu_Battery_Bulk,2035-05-02 04:00,Oahu,0,301.73,489.166
Oahu_Battery_Bulk,2035-05-02 06:00,Oahu,0,244.583,0
Oahu_Battery_Bulk,2035-05-02 08:00,Oahu,320.08,0,576.144
Oahu_Battery_Bulk,2035-05-02 10:00,Oahu,598.5,0,1653.44
Oahu_Battery_Bulk,2035-05-02 12:00,Oahu,598.5,167.797,2395.15
Oahu_Battery_Bulk,2035-05-02 14:00,Oahu,598.5,0,3472.45
Oahu_Battery_Bulk,2035-05-02 16:00,Oahu,598.5,0,4549.75
Oahu_Battery_Bulk,2035-05-02 18:00,Oahu,173.686,598.5,3665.39
Oahu_Battery_Bulk,2035-05-02 20:00,Oahu,0,598.5,2468.39
Oahu_Battery_Bulk,2035-05-02 22:00,Oahu,0,375.841,1716.7
Oahu_Battery_Bulk,2035-06-17 00:00,Oahu,0,219.759,1087.03
Oahu_Battery_Bulk,2035-06-17 02:00,Oahu,0,191.711,703.607
Oahu_Battery_Bulk,2035-06-17 04:00,Oahu,0,242.7,218.208
Oahu_Battery_Bulk,2035-06-17 06:00,Oahu,0,109.104,0
Oahu_Battery_Bulk,2035-06-17 08:00,Oahu,431.277,0,776.299
Oahu_Battery_Bulk,2035-06-17 10:00,Oahu,598.5,0,1853.6
Oahu_Battery_Bulk,2035-06-17 12:00,Oahu,598.5,0,2930.9
Oahu_Battery_Bulk,2035-06-17 14:00,Oahu,598.5,0,4008.2
Oahu_Battery_Bulk,2035-06-17 16:00,Oahu,300.862,0,4549.75
Oahu_Battery_Bulk,2035-06-17 18:00,Oahu,0,557.11,3435.53
Oahu_Battery_Bulk,2035-06-17 20:00,Oahu,0,508.5,2418.53
Oahu_Battery_Bulk,2035-06-17 22:00,Oahu,0,445.992,1526.55
Oahu_Battery_Bulk,2035-08-18 00:00,Oahu,0,174.535,1787.99
Oahu_Battery_Bulk,2035-08-18 02:00,Oahu,0,196.002,1395.98
Oahu_Battery_Bulk,2035-08-18 04:00,Oahu,0,420.327,555.327
Oahu_Battery_Bulk,2035-08-18 06:00,Oahu,0,277.663,0
Oahu_Battery_Bulk,2035-08-18 08:00,Oahu,598.5,0,1077.3
Oahu_Battery_Bulk,2035-08-18 10:00,Oahu,598.5,0,2154.6
Oahu_Battery_Bulk,2035-08-18 12:00,Oahu,598.5,0,3231.9
Oahu_Battery_Bulk,2035-08-18 14:00,Oahu,323.409,0,3814.04
Oahu_Battery_Bulk,2035-08-18 16:00,Oahu,598.5,170.793,4549.75
Oahu_Battery_Bulk,2035-08-18 18:00,Oahu,0,310.928,3927.89
Oahu_Battery_Bulk,2035-08-18 20:00,Oahu,0,598.5,2730.89
Oahu_Battery_Bulk,2035-08-18 22:00,Oahu,0,296.919,2137.06
Oahu_Battery_Bulk,2035-09-10 00:00,Oahu,0,287.817,1003.38
Oahu_Battery_Bulk,2035-09-10 02:00,Oahu,0,112.774,777.83
Oahu_Battery_Bulk,2035-09-10 04:00,Oahu,0,36.683,704.464
Oahu_Battery_Bulk,2035-09-10 06:00,Oahu,0,352.232,0
Oahu_Battery_Bulk,2035-09-10 08:00,Oahu,515.926,0,928.667
Oahu_Battery_Bulk,2035-09-10 10:00,Oahu,470.872,0,1776.24
Oahu_Battery_Bulk,2035-09-10 12:00,Oahu,598.5,0,2853.54
Oahu_Battery_Bulk,2035-09-10 14:00,Oahu,598.5,0,3930.84
Oahu_Battery_Bulk,2035-09-10 16:00,Oahu,343.841,0,4549.75
Oahu_Battery_Bulk,2035-09-10 18:00,Oahu,0,598.5,3352.75
Oahu_Battery_Bulk,2035-09-10 20:00,Oahu,0,508.5,2335.75
Oahu_Battery_Bulk,2035-09-10 22:00,Oahu,0,378.369,1579.01
Oahu_Battery_Bulk,2035-09-22 00:00,Oahu,0,210.946,1147.07
Oahu_Battery_Bulk,2035-09-22 02:00,Oahu,0,147.833,851.409
Oahu_Battery_Bulk,2035-09-22 04:00,Oahu,0,180.658,490.093
Oahu_Battery_Bulk,2035-09-22 06:00,Oahu,0,245.047,0
Oahu_Battery_Bulk,2035-09-22 08:00,Oahu,523.679,0,942.622
Oahu_Battery_Bulk,2035-09-22 10:00,Oahu,598.5,0,2019.92
Oahu_Battery_Bulk,2035-09-22 12:00,Oahu,598.5,0,3097.22
Oahu_Battery_Bulk,2035-09-22 14:00,Oahu,461.689,0,3928.26
Oahu_Battery_Bulk,2035-09-22 16:00,Oahu,345.271,0,4549.75
Oahu_Battery_Bulk,2035-09-22 18:00,Oahu,0,598.5,3352.75
Oahu_Battery_Bulk,2035-09-22 20:00,Oahu,0,456.983,2438.78
Oahu_Battery_Bulk,2035-09-22 22:00,Oahu,0,434.909,1568.97
Oahu_Battery_Bulk,2035-10-27 00:00,Oahu,0,334.899,995.118
Oahu_Battery_Bulk,2035-10-27 02:00,Oahu,0,197.742,599.635
Oahu_Battery_Bulk,2035-10-27 04:00,Oahu,0,53.9154,491.804
Oahu_Battery_Bulk,2035-10-27 06:00,Oahu,0,245.902,0
Oahu_Battery_Bulk,2035-10-27 08:00,Oahu,598.5,0,1077.3
Oahu_Battery_Bulk,2035-10-27 10:00,Oahu,598.5,0,2154.6
Oahu_Battery_Bulk,2035-10-27 12:00,Oahu,534.499,0,3116.7
Oahu_Battery_Bulk,2035-10-27 14:00,Oahu,526.464,0,4064.33
Oahu_Battery_Bulk,2035-10-27 16:00,Oahu,269.676,0,4549.75
Oahu_Battery_Bulk,2035-10-27 18:00,Oahu,0,598.5,3352.75
Oahu_Battery_Bulk,2035-10-27 20:00,Oahu,0,543.653,2265.44
Oahu_Battery_Bulk,2035-10-27 22:00,Oahu,0,300.264,1664.92
Oahu_Battery_Bulk,2035-11-22 00:00,Oahu,0,0,0
Oahu_Battery_Bulk,2035-11-22 02:00,Oahu,27.1894,0,48.9409
Oahu_Battery_Bulk,2035-11-22 04:00,Oahu,1.81615,0,52.2099
Oahu_Battery_Bulk,2035-11-22 06:00,Oahu,0,26.105,0
Oahu_Battery_Bulk,2035-11-22 08:00,Oahu,3.97636,0,7.15744
Oahu_Battery_Bulk,2035-11-22 10:00,Oahu,0,0,7.15744
Oahu_Battery_Bulk,2035-11-22 12:00,Oahu,111.227,0,207.365
Oahu_Battery_Bulk,2035-11-22 14:00,Oahu,273.497,0,699.66
Oahu_Battery_Bulk,2035-11-22 16:00,Oahu,0,0,699.66
Oahu_Battery_Bulk,2035-11-22 18:00,Oahu,0,286.787,126.085
Oahu_Battery_Bulk,2035-11-22 20:00,Oahu,0,63.0425,0
Oahu_Battery_Bulk,2035-11-22 22:00,Oahu,0,0,0
Oahu_Battery_Bulk,2035-12-15 00:00,Oahu,0,100.529,1145.57
Oahu_Battery_Bulk,2035-12-15 02:00,Oahu,0,176.553,792.464
Oahu_Battery_Bulk,2035-12-15 04:00,Oahu,0,216.119,360.226
Oahu_Battery_Bulk,2035-12-15 06:00,Oahu,0,180.113,0
Oahu_Battery_Bulk,2035-12-15 08:00,Oahu,244.325,0,439.785
Oahu_Battery_Bulk,2035-12-15 10:00,Oahu,408.6,0,1175.27
Oahu_Battery_Bulk,2035-12-15 12:00,Oahu,598.5,0,2252.57
Oahu_Battery_Bulk,2035-12-15 14:00,Oahu,594.85,0,3323.3
Oahu_Battery_Bulk,2035-12-15 16:00,Oahu,280.067,0,3827.42
Oahu_Battery_Bulk,2035-12-15 18:00,Oahu,0,410.452,3006.51
Oahu_Battery_Bulk,2035-12-15 20:00,Oahu,0,449.992,2106.53
Oahu_Battery_Bulk,2035-12-15 22:00,Oahu,0,379.949,1346.63
Oahu_Battery_Bulk,2040-01-12 00:00,Oahu,0,168.888,1752.64
Oahu_Battery_Bulk,2040-01-12 02:00,Oahu,0,192.439,1367.76
Oahu_Battery_Bulk,2040-01-12 04:00,Oahu,0,176.939,1013.88
Oahu_Battery_Bulk,2040-01-12 06:00,Oahu,0,506.94,0
Oahu_Battery_Bulk,2040-01-12 08:00,Oahu,376.914,0,678.446
Oahu_Battery_Bulk,2040-01-12 10:00,Oahu,627.091,0,1807.21
Oahu_Battery_Bulk,2040-01-12 12:00,Oahu,627.091,0,2935.97
Oahu_Battery_Bulk,2040-01-12 14:00,Oahu,593.031,0,4003.43
Oahu_Battery_Bulk,2040-01-12 16:00,Oahu,431.502,0,4780.13
Oahu_Battery_Bulk,2040-01-12 18:00,Oahu,0,627.091,3525.95
Oahu_Battery_Bulk,2040-01-12 20:00,Oahu,0,477.577,2570.8
Oahu_Battery_Bulk,2040-01-12 22:00,Oahu,0,240.192,2090.41
Oahu_Battery_Bulk,2040-01-19 00:00,Oahu,0,0,165.526
Oahu_Battery_Bulk,2040-01-19 02:00,Oahu,0,0,165.526
Oahu_Battery_Bulk,2040-01-19 04:00,Oahu,0,0,165.526
Oahu_Battery_Bulk,2040-01-19 06:00,Oahu,0,82.7628,0
Oahu_Battery_Bulk,2040-01-19 08:00,Oahu,199.436,0,358.985
Oahu_Battery_Bulk,2040-01-19 10:00,Oahu,553.582,0,1355.43
Oahu_Battery_Bulk,2040-01-19 12:00,Oahu,627.091,0,2484.2
Oahu_Battery_Bulk,2040-01-19 14:00,Oahu,264.51,0,2960.31
Oahu_Battery_Bulk,2040-01-19 16:00,Oahu,30.9304,0,3015.99
Oahu_Battery_Bulk,2040-01-19 18:00,Oahu,0,627.091,1761.81
Oahu_Battery_Bulk,2040-01-19 20:00,Oahu,0,568.305,625.197
Oahu_Battery_Bulk,2040-01-19 22:00,Oahu,0,229.836,165.526
Oahu_Battery_Bulk,2040-02-12 00:00,Oahu,0,84.2067,1291.66
Oahu_Battery_Bulk,2040-02-12 02:00,Oahu,0,56.3553,1178.95
Oahu_Battery_Bulk,2040-02-12 04:00,Oahu,0,272.498,633.958
Oahu_Battery_Bulk,2040-02-12 06:00,Oahu,0,316.979,0
Oahu_Battery_Bulk,2040-02-12 08:00,Oahu,343.958,0,619.124
Oahu_Battery_Bulk,2040-02-12 10:00,Oahu,430.399,0,1393.84
Oahu_Battery_Bulk,2040-02-12 12:00,Oahu,627.091,0,2522.61
Oahu_Battery_Bulk,2040-02-12 14:00,Oahu,627.091,0,3651.37
Oahu_Battery_Bulk,2040-02-12 16:00,Oahu,627.091,0,4780.13
Oahu_Battery_Bulk,2040-02-12 18:00,Oahu,0,627.091,3525.95
Oahu_Battery_Bulk,2040-02-12 20:00,Oahu,0,627.091,2271.77
Oahu_Battery_Bulk,2040-02-12 22:00,Oahu,0,405.846,1460.08
Oahu_Battery_Bulk,2040-02-20 00:00,Oahu,0,172.456,1211.66
Oahu_Battery_Bulk,2040-02-20 02:00,Oahu,0,61.1895,1089.28
Oahu_Battery_Bulk,2040-02-20 04:00,Oahu,0,105.509,878.266
Oahu_Battery_Bulk,2040-02-20 06:00,Oahu,0,439.133,0
Oahu_Battery_Bulk,2040-02-20 08:00,Oahu,620.888,0,1117.6
Oahu_Battery_Bulk,2040-02-20 10:00,Oahu,627.091,0,2246.36
Oahu_Battery_Bulk,2040-02-20 12:00,Oahu,627.091,0,3375.12
Oahu_Battery_Bulk,2040-02-20 14:00,Oahu,627.091,0,4503.89
Oahu_Battery_Bulk,2040-02-20 16:00,Oahu,153.469,0,4780.13
Oahu_Battery_Bulk,2040-02-20 18:00,Oahu,0,627.091,3525.95
Oahu_Battery_Bulk,2040-02-20 20:00,Oahu,0,570.122,2385.71
Oahu_Battery_Bulk,2040-02-20 22:00,Oahu,0,414.566,1556.57
Oahu_Battery_Bulk,2040-04-10 00:00,Oahu,0,0,1024.68
Oahu_Battery_Bulk,2040-04-10 02:00,Oahu,0,0,1024.68
Oahu_Battery_Bulk,2040-04-10 04:00,Oahu,0,105.747,813.188
Oahu_Battery_Bulk,2040-04-10 06:00,Oahu,0,406.594,0
Oahu_Battery_Bulk,2040-04-10 08:00,Oahu,0,0,0
Oahu_Battery_Bulk,2040-04-10 10:00,Oahu,247.626,0,445.727
Oahu_Battery_Bulk,2040-04-10 12:00,Oahu,406.836,0,1178.03
Oahu_Battery_Bulk,2040-04-10 14:00,Oahu,627.091,0,2306.79
Oahu_Battery_Bulk,2040-04-10 16:00,Oahu,621.613,0,3425.7
Oahu_Battery_Bulk,2040-04-10 18:00,Oahu,0,426.472,2572.76
Oahu_Battery_Bulk,2040-04-10 20:00,Oahu,0,507.131,1558.49
Oahu_Battery_Bulk,2040-04-10 22:00,Oahu,0,266.906,1024.68
Oahu_Battery_Bulk,2040-05-02 00:00,Oahu,0,262.193,856.11
Oahu_Battery_Bulk,2040-05-02 02:00,Oahu,0,229.456,397.198
Oahu_Battery_Bulk,2040-05-02 04:00,Oahu,0,117.77,161.658
Oahu_Battery_Bulk,2040-05-02 06:00,Oahu,0,80.829,0
Oahu_Battery_Bulk,2040-05-02 08:00,Oahu,237.024,0,426.643
Oahu_Battery_Bulk,2040-05-02 10:00,Oahu,627.091,80.7817,1393.84
Oahu_Battery_Bulk,2040-05-02 12:00,Oahu,627.091,0,2522.61
Oahu_Battery_Bulk,2040-05-02 14:00,Oahu,627.091,0,3651.37
Oahu_Battery_Bulk,2040-05-02 16:00,Oahu,627.091,0,4780.13
Oahu_Battery_Bulk,2040-05-02 18:00,Oahu,0,607.594,3564.94
Oahu_Battery_Bulk,2040-05-02 20:00,Oahu,0,627.091,2310.76
Oahu_Battery_Bulk,2040-05-02 22:00,Oahu,0,465.133,1380.5
Oahu_Battery_Bulk,2040-06-17 00:00,Oahu,0,189.3,1113.36
Oahu_Battery_Bulk,2040-06-17 02:00,Oahu,0,157.261,798.842
Oahu_Battery_Bulk,2040-06-17 04:00,Oahu,0,204.026,390.791
Oahu_Battery_Bulk,2040-06-17 06:00,Oahu,0,195.395,0
Oahu_Battery_Bulk,2040-06-17 08:00,Oahu,627.091,0,1128.76
Oahu_Battery_Bulk,2040-06-17 10:00,Oahu,627.091,0,2257.53
Oahu_Battery_Bulk,2040-06-17 12:00,Oahu,627.091,0,3386.29
Oahu_Battery_Bulk,2040-06-17 14:00,Oahu,452.439,0,4200.68
Oahu_Battery_Bulk,2040-06-17 16:00,Oahu,321.918,0,4780.13
Oahu_Battery_Bulk,2040-06-17 18:00,Oahu,0,604.994,3570.14
Oahu_Battery_Bulk,2040-06-17 20:00,Oahu,0,627.091,2315.96
Oahu_Battery_Bulk,2040-06-17 22:00,Oahu,0,411.999,1491.97
Oahu_Battery_Bulk,2040-08-18 00:00,Oahu,0,294.513,1044.24
Oahu_Battery_Bulk,2040-08-18 02:00,Oahu,0,300.469,443.307
Oahu_Battery_Bulk,2040-08-18 04:00,Oahu,0,60.7308,321.845
Oahu_Battery_Bulk,2040-08-18 06:00,Oahu,0,160.923,0
Oahu_Battery_Bulk,2040-08-18 08:00,Oahu,254.947,0,458.905
Oahu_Battery_Bulk,2040-08-18 10:00,Oahu,627.091,0,1587.67
Oahu_Battery_Bulk,2040-08-18 12:00,Oahu,627.091,0,2716.43
Oahu_Battery_Bulk,2040-08-18 14:00,Oahu,627.091,87.0677,3671.06
Oahu_Battery_Bulk,2040-08-18 16:00,Oahu,616.152,0,4780.13
Oahu_Battery_Bulk,2040-08-18 18:00,Oahu,0,537.091,3705.95
Oahu_Battery_Bulk,2040-08-18 20:00,Oahu,0,627.091,2451.77
Oahu_Battery_Bulk,2040-08-18 22:00,Oahu,0,409.25,1633.27
Oahu_Battery_Bulk,2040-09-10 00:00,Oahu,0,259.33,1208.09
Oahu_Battery_Bulk,2040-09-10 02:00,Oahu,0,127.512,953.07
Oahu_Battery_Bulk,2040-09-10 04:00,Oahu,0,95.5561,761.958
Oahu_Battery_Bulk,2040-09-10 06:00,Oahu,0,380.979,0
Oahu_Battery_Bulk,2040-09-10 08:00,Oahu,627.091,78.3888,971.985
Oahu_Battery_Bulk,2040-09-10 10:00,Oahu,372.376,0,1642.26
Oahu_Battery_Bulk,2040-09-10 12:00,Oahu,627.091,0,2771.02
Oahu_Battery_Bulk,2040-09-10 14:00,Oahu,627.091,0,3899.79
Oahu_Battery_Bulk,2040-09-10 16:00,Oahu,627.091,124.209,4780.13
Oahu_Battery_Bulk,2040-09-10 18:00,Oahu,0,627.091,3525.95
Oahu_Battery_Bulk,2040-09-10 20:00,Oahu,0,574.373,2377.21
Oahu_Battery_Bulk,2040-09-10 22:00,Oahu,0,325.226,1726.75
Oahu_Battery_Bulk,2040-09-22 00:00,Oahu,0,325.446,899.585
Oahu_Battery_Bulk,2040-09-22 02:00,Oahu,0,154.072,591.442
Oahu_Battery_Bulk,2040-09-22 04:00,Oahu,0,149.215,293.011
Oahu_Battery_Bulk,2040-09-22 06:00,Oahu,0,146.506,0
Oahu_Battery_Bulk,2040-09-22 08:00,Oahu,340.575,0,613.035
Oahu_Battery_Bulk,2040-09-22 10:00,Oahu,519.88,0,1548.82
Oahu_Battery_Bulk,2040-09-22 12:00,Oahu,627.091,0,2677.58
Oahu_Battery_Bulk,2040-09-22 14:00,Oahu,627.091,0,3806.34
Oahu_Battery_Bulk,2040-09-22 16:00,Oahu,540.993,0,4780.13
Oahu_Battery_Bulk,2040-09-22 18:00,Oahu,0,513.972,3752.19
Oahu_Battery_Bulk,2040-09-22 20:00,Oahu,0,627.091,2498.01
Oahu_Battery_Bulk,2040-09-22 22:00,Oahu,0,473.765,1550.48
Oahu_Battery_Bulk,2040-10-27 00:00,Oahu,0,204.238,1749.29
Oahu_Battery_Bulk,2040-10-27 02:00,Oahu,0,151.172,1446.94
Oahu_Battery_Bulk,2040-10-27 04:00,Oahu,0,260.379,926.186
Oahu_Battery_Bulk,2040-10-27 06:00,Oahu,0,463.093,0
Oahu_Battery_Bulk,2040-10-27 08:00,Oahu,627.091,0,1128.76
Oahu_Battery_Bulk,2040-10-27 10:00,Oahu,627.091,0,2257.53
Oahu_Battery_Bulk,2040-10-27 12:00,Oahu,617.327,0,3368.72
Oahu_Battery_Bulk,2040-10-27 14:00,Oahu,627.091,0,4497.48
Oahu_Battery_Bulk,2040-10-27 16:00,Oahu,157.03,0,4780.13
Oahu_Battery_Bulk,2040-10-27 18:00,Oahu,0,627.091,3525.95
Oahu_Battery_Bulk,2040-10-27 20:00,Oahu,0,405.707,2714.54
Oahu_Battery_Bulk,2040-10-27 22:00,Oahu,0,278.386,2157.76
Oahu_Battery_Bulk,2040-11-22 00:00,Oahu,9.32102,0,16.7778
Oahu_Battery_Bulk,2040-11-22 02:00,Oahu,0,0,16.7778
Oahu_Battery_Bulk,2040-11-22 04:00,Oahu,0,8.38891,0
Oahu_Battery_Bulk,2040-11-22 06:00,Oahu,0,0,0
Oahu_Battery_Bulk,2040-11-22 08:00,Oahu,0,0,0
Oahu_Battery_Bulk,2040-11-22 10:00,Oahu,0,0,0
Oahu_Battery_Bulk,2040-11-22 12:00,Oahu,0,0,0
Oahu_Battery_Bulk,2040-11-22 14:00,Oahu,0,0,0
Oahu_Battery_Bulk,2040-11-22 16:00,Oahu,117.671,0,211.809
Oahu_Battery_Bulk,2040-11-22 18:00,Oahu,0,9.31964,193.169
Oahu_Battery_Bulk,2040-11-22 20:00,Oahu,0,96.5847,0
Oahu_Battery_Bulk,2040-11-22 22:00,Oahu,0,0,0
Oahu_Battery_Bulk,2040-12-15 00:00,Oahu,0,178.781,825.522
Oahu_Battery_Bulk,2040-12-15 02:00,Oahu,0,99.8418,625.838
Oahu_Battery_Bulk,2040-12-15 04:00,Oahu,0,140.537,344.765
Oahu_Battery_Bulk,2040-12-15 06:00,Oahu,0,172.382,0
Oahu_Battery_Bulk,2040-12-15 08:00,Oahu,335.558,0,604.004
Oahu_Battery_Bulk,2040-12-15 10:00,Oahu,627.091,0,1732.77
Oahu_Battery_Bulk,2040-12-15 12:00,Oahu,627.091,0,2861.53
Oahu_Battery_Bulk,2040-12-15 14:00,Oahu,527.822,0,3811.61
Oahu_Battery_Bulk,2040-12-15 16:00,Oahu,282.701,0,4320.47
Oahu_Battery_Bulk,2040-12-15 18:00,Oahu,0,627.091,3066.29
Oahu_Battery_Bulk,2040-12-15 20:00,Oahu,0,536.038,1994.21
Oahu_Battery_Bulk,2040-12-15 22:00,Oahu,0,405.565,1183.08
Oahu_Battery_Bulk,2045-01-12 00:00,Oahu,0,246.689,1764.82
Oahu_Battery_Bulk,2045-01-12 02:00,Oahu,0,28.7977,1707.22
Oahu_Battery_Bulk,2045-01-12 04:00,Oahu,0,354.075,999.071
Oahu_Battery_Bulk,2045-01-12 06:00,Oahu,0,499.535,0
Oahu_Battery_Bulk,2045-01-12 08:00,Oahu,883.956,0,1591.12
Oahu_Battery_Bulk,2045-01-12 10:00,Oahu,213.356,0,1975.16
Oahu_Battery_Bulk,2045-01-12 12:00,Oahu,883.956,0,3566.28
Oahu_Battery_Bulk,2045-01-12 14:00,Oahu,883.956,0,5157.41
Oahu_Battery_Bulk,2045-01-12 16:00,Oahu,883.956,0,6748.53
Oahu_Battery_Bulk,2045-01-12 18:00,Oahu,0,883.956,4980.61
Oahu_Battery_Bulk,2045-01-12 20:00,Oahu,0,767.967,3444.68
Oahu_Battery_Bulk,2045-01-12 22:00,Oahu,0,593.243,2258.2
Oahu_Battery_Bulk,2045-01-19 00:00,Oahu,0,0,2743.76
Oahu_Battery_Bulk,2045-01-19 02:00,Oahu,0,0,2743.76
Oahu_Battery_Bulk,2045-01-19 04:00,Oahu,0,209.489,2324.78
Oahu_Battery_Bulk,2045-01-19 06:00,Oahu,0,176.393,1971.99
Oahu_Battery_Bulk,2045-01-19 08:00,Oahu,773.96,0,3365.12
Oahu_Battery_Bulk,2045-01-19 10:00,Oahu,832.038,0,4862.79
Oahu_Battery_Bulk,2045-01-19 12:00,Oahu,466.277,0,5702.09
Oahu_Battery_Bulk,2045-01-19 14:00,Oahu,883.956,0,7293.21
Oahu_Battery_Bulk,2045-01-19 16:00,Oahu,0,0,7293.21
Oahu_Battery_Bulk,2045-01-19 18:00,Oahu,0,883.956,5525.3
Oahu_Battery_Bulk,2045-01-19 20:00,Oahu,0,819.56,3886.17
Oahu_Battery_Bulk,2045-01-19 22:00,Oahu,0,571.209,2743.76
Oahu_Battery_Bulk,2045-02-12 00:00,Oahu,0,241.833,1234.84
Oahu_Battery_Bulk,2045-02-12 02:00,Oahu,0,0,1234.84
Oahu_Battery_Bulk,2045-02-12 04:00,Oahu,0,34.3898,1166.06
Oahu_Battery_Bulk,2045-02-12 06:00,Oahu,0,583.029,0
Oahu_Battery_Bulk,2045-02-12 08:00,Oahu,387.052,0,696.694
Oahu_Battery_Bulk,2045-02-12 10:00,Oahu,883.956,0,2287.81
Oahu_Battery_Bulk,2045-02-12 12:00,Oahu,883.956,0,3878.94
Oahu_Battery_Bulk,2045-02-12 14:00,Oahu,883.956,0,5470.06
Oahu_Battery_Bulk,2045-02-12 16:00,Oahu,396.02,0,6182.89
Oahu_Battery_Bulk,2045-02-12 18:00,Oahu,0,850.043,4482.81
Oahu_Battery_Bulk,2045-02-12 20:00,Oahu,0,883.956,2714.89
Oahu_Battery_Bulk,2045-02-12 22:00,Oahu,0,498.195,1718.5
Oahu_Battery_Bulk,2045-02-20 00:00,Oahu,0,422.571,2496.86
Oahu_Battery_Bulk,2045-02-20 02:00,Oahu,0,363.599,1769.66
Oahu_Battery_Bulk,2045-02-20 04:00,Oahu,0,447.574,874.515
Oahu_Battery_Bulk,2045-02-20 06:00,Oahu,0,437.257,0
Oahu_Battery_Bulk,2045-02-20 08:00,Oahu,883.956,0,1591.12
Oahu_Battery_Bulk,2045-02-20 10:00,Oahu,883.956,0,3182.24
Oahu_Battery_Bulk,2045-02-20 12:00,Oahu,883.956,0,4773.36
Oahu_Battery_Bulk,2045-02-20 14:00,Oahu,883.956,0,6364.48
Oahu_Battery_Bulk,2045-02-20 16:00,Oahu,515.957,0,7293.21
Oahu_Battery_Bulk,2045-02-20 18:00,Oahu,0,883.956,5525.3
Oahu_Battery_Bulk,2045-02-20 20:00,Oahu,0,707.852,4109.59
Oahu_Battery_Bulk,2045-02-20 22:00,Oahu,0,383.794,3342
Oahu_Battery_Bulk,2045-04-10 00:00,Oahu,0,297.232,1399.16
Oahu_Battery_Bulk,2045-04-10 02:00,Oahu,0,63.8582,1271.44
Oahu_Battery_Bulk,2045-04-10 04:00,Oahu,0,30.2101,1211.02
Oahu_Battery_Bulk,2045-04-10 06:00,Oahu,0,605.512,0
Oahu_Battery_Bulk,2045-04-10 08:00,Oahu,0,0,0
Oahu_Battery_Bulk,2045-04-10 10:00,Oahu,883.956,0,1591.12
Oahu_Battery_Bulk,2045-04-10 12:00,Oahu,883.956,0,3182.24
Oahu_Battery_Bulk,2045-04-10 14:00,Oahu,544.013,0,4161.47
Oahu_Battery_Bulk,2045-04-10 16:00,Oahu,883.956,0,5752.59
Oahu_Battery_Bulk,2045-04-10 18:00,Oahu,0,883.956,3984.68
Oahu_Battery_Bulk,2045-04-10 20:00,Oahu,0,666.115,2652.45
Oahu_Battery_Bulk,2045-04-10 22:00,Oahu,0,329.411,1993.62
Oahu_Battery_Bulk,2045-05-02 00:00,Oahu,0,129.195,309.803
Oahu_Battery_Bulk,2045-05-02 02:00,Oahu,0,0,309.803
Oahu_Battery_Bulk,2045-05-02 04:00,Oahu,80.2016,136.878,180.41
Oahu_Battery_Bulk,2045-05-02 06:00,Oahu,0,90.2048,0
Oahu_Battery_Bulk,2045-05-02 08:00,Oahu,0,0,0
Oahu_Battery_Bulk,2045-05-02 10:00,Oahu,883.956,0,1591.12
Oahu_Battery_Bulk,2045-05-02 12:00,Oahu,0,0,1591.12
Oahu_Battery_Bulk,2045-05-02 14:00,Oahu,883.956,0,3182.24
Oahu_Battery_Bulk,2045-05-02 16:00,Oahu,447.827,0,3988.33
Oahu_Battery_Bulk,2045-05-02 18:00,Oahu,0,557.944,2872.44
Oahu_Battery_Bulk,2045-05-02 20:00,Oahu,0,708.606,1455.23
Oahu_Battery_Bulk,2045-05-02 22:00,Oahu,0,443.52,568.192
Oahu_Battery_Bulk,2045-06-17 00:00,Oahu,0,154.445,2528.03
Oahu_Battery_Bulk,2045-06-17 02:00,Oahu,0,438.67,1650.69
Oahu_Battery_Bulk,2045-06-17 04:00,Oahu,0,403.388,843.915
Oahu_Battery_Bulk,2045-06-17 06:00,Oahu,0,421.957,0
Oahu_Battery_Bulk,2045-06-17 08:00,Oahu,883.956,0,1591.12
Oahu_Battery_Bulk,2045-06-17 10:00,Oahu,883.956,0,3182.24
Oahu_Battery_Bulk,2045-06-17 12:00,Oahu,883.956,80.6308,4612.1
Oahu_Battery_Bulk,2045-06-17 14:00,Oahu,883.956,0,6203.22
Oahu_Battery_Bulk,2045-06-17 16:00,Oahu,605.547,0,7293.21
Oahu_Battery_Bulk,2045-06-17 18:00,Oahu,0,628.656,6035.89
Oahu_Battery_Bulk,2045-06-17 20:00,Oahu,0,883.956,4267.98
Oahu_Battery_Bulk,2045-06-17 22:00,Oahu,0,715.531,2836.92
Oahu_Battery_Bulk,2045-08-18 00:00,Oahu,0,322.226,1809.18
Oahu_Battery_Bulk,2045-08-18 02:00,Oahu,0,288.912,1231.36
Oahu_Battery_Bulk,2045-08-18 04:00,Oahu,0,235.525,760.308
Oahu_Battery_Bulk,2045-08-18 06:00,Oahu,0,380.154,0
Oahu_Battery_Bulk,2045-08-18 08:00,Oahu,593.202,0,1067.76
Oahu_Battery_Bulk,2045-08-18 10:00,Oahu,501.9,0,1971.18
Oahu_Battery_Bulk,2045-08-18 12:00,Oahu,883.956,0,3562.31
Oahu_Battery_Bulk,2045-08-18 14:00,Oahu,883.956,0,5153.43
Oahu_Battery_Bulk,2045-08-18 16:00,Oahu,883.956,0,6744.55
Oahu_Battery_Bulk,2045-08-18 18:00,Oahu,0,749.676,5245.2
Oahu_Battery_Bulk,2045-08-18 20:00,Oahu,0,810.956,3623.28
Oahu_Battery_Bulk,2045-08-18 22:00,Oahu,0,584.825,2453.63
Oahu_Battery_Bulk,2045-09-10 00:00,Oahu,0,478.422,1905.8
Oahu_Battery_Bulk,2045-09-10 02:00,Oahu,0,369.383,1167.03
Oahu_Battery_Bulk,2045-09-10 04:00,Oahu,0,151.06,864.911
Oahu_Battery_Bulk,2045-09-10 06:00,Oahu,0,432.455,0
Oahu_Battery_Bulk,2045-09-10 08:00,Oahu,801.461,0,1442.63
Oahu_Battery_Bulk,2045-09-10 10:00,Oahu,651.328,0,2615.02
Oahu_Battery_Bulk,2045-09-10 12:00,Oahu,883.956,0,4206.14
Oahu_Battery_Bulk,2045-09-10 14:00,Oahu,831.081,0,5702.09
Oahu_Battery_Bulk,2045-09-10 16:00,Oahu,883.956,0,7293.21
Oahu_Battery_Bulk,2045-09-10 18:00,Oahu,0,883.956,5525.3
Oahu_Battery_Bulk,2045-09-10 20:00,Oahu,0,810.956,3903.38
Oahu_Battery_Bulk,2045-09-10 22:00,Oahu,0,520.371,2862.64
Oahu_Battery_Bulk,2045-09-22 00:00,Oahu,0,577.326,781.67
Oahu_Battery_Bulk,2045-09-22 02:00,Oahu,0,281.357,218.955
Oahu_Battery_Bulk,2045-09-22 04:00,Oahu,0,6.43466,206.086
Oahu_Battery_Bulk,2045-09-22 06:00,Oahu,0,103.043,0
Oahu_Battery_Bulk,2045-09-22 08:00,Oahu,883.956,0,1591.12
Oahu_Battery_Bulk,2045-09-22 10:00,Oahu,0,0,1591.12
Oahu_Battery_Bulk,2045-09-22 12:00,Oahu,682.967,0,2820.46
Oahu_Battery_Bulk,2045-09-22 14:00,Oahu,883.956,0,4411.58
Oahu_Battery_Bulk,2045-09-22 16:00,Oahu,883.956,0,6002.7
Oahu_Battery_Bulk,2045-09-22 18:00,Oahu,0,697.861,4606.98
Oahu_Battery_Bulk,2045-09-22 20:00,Oahu,0,737.057,3132.87
Oahu_Battery_Bulk,2045-09-22 22:00,Oahu,0,598.273,1936.32
Oahu_Battery_Bulk,2045-10-27 00:00,Oahu,0,307.733,1154.97
Oahu_Battery_Bulk,2045-10-27 02:00,Oahu,0,258.121,638.732
Oahu_Battery_Bulk,2045-10-27 04:00,Oahu,0,0,638.732
Oahu_Battery_Bulk,2045-10-27 06:00,Oahu,0,319.366,0
Oahu_Battery_Bulk,2045-10-27 08:00,Oahu,170.732,0,307.318
Oahu_Battery_Bulk,2045-10-27 10:00,Oahu,0,0,307.318
Oahu_Battery_Bulk,2045-10-27 12:00,Oahu,883.956,0,1898.44
Oahu_Battery_Bulk,2045-10-27 14:00,Oahu,883.956,0,3489.56
Oahu_Battery_Bulk,2045-10-27 16:00,Oahu,757.213,0,4852.54
Oahu_Battery_Bulk,2045-10-27 18:00,Oahu,0,621.011,3610.52
Oahu_Battery_Bulk,2045-10-27 20:00,Oahu,0,495.101,2620.32
Oahu_Battery_Bulk,2045-10-27 22:00,Oahu,0,424.94,1770.44
Oahu_Battery_Bulk,2045-11-22 00:00,Oahu,0,0,0
Oahu_Battery_Bulk,2045-11-22 02:00,Oahu,0,0,0
Oahu_Battery_Bulk,2045-11-22 04:00,Oahu,0,0,0
Oahu_Battery_Bulk,2045-11-22 06:00,Oahu,0,0,0
Oahu_Battery_Bulk,2045-11-22 08:00,Oahu,0,0,0
Oahu_Battery_Bulk,2045-11-22 10:00,Oahu,0,0,0
Oahu_Battery_Bulk,2045-11-22 12:00,Oahu,337.156,0,606.88
Oahu_Battery_Bulk,2045-11-22 14:00,Oahu,304.48,0,1154.94
Oahu_Battery_Bulk,2045-11-22 16:00,Oahu,268.782,0,1638.75
Oahu_Battery_Bulk,2045-11-22 18:00,Oahu,0,437.886,762.98
Oahu_Battery_Bulk,2045-11-22 20:00,Oahu,0,344.166,74.6484
Oahu_Battery_Bulk,2045-11-22 22:00,Oahu,0,37.3242,0
Oahu_Battery_Bulk,2045-12-15 00:00,Oahu,0,198.634,702.947
Oahu_Battery_Bulk,2045-12-15 02:00,Oahu,0,91.2855,520.376
Oahu_Battery_Bulk,2045-12-15 04:00,Oahu,36.5,0,586.076
Oahu_Battery_Bulk,2045-12-15 06:00,Oahu,0,293.038,0
Oahu_Battery_Bulk,2045-12-15 08:00,Oahu,0,0,0
Oahu_Battery_Bulk,2045-12-15 10:00,Oahu,883.956,192.228,1206.66
Oahu_Battery_Bulk,2045-12-15 12:00,Oahu,47.8669,0,1292.83
Oahu_Battery_Bulk,2045-12-15 14:00,Oahu,883.956,0,2883.95
Oahu_Battery_Bulk,2045-12-15 16:00,Oahu,512.745,0,3806.89
Oahu_Battery_Bulk,2045-12-15 18:00,Oahu,0,770.861,2265.17
Oahu_Battery_Bulk,2045-12-15 20:00,Oahu,0,582.476,1100.21
Oahu_Battery_Bulk,2045-12-15 22:00,Oahu,0,0,1100.21
Oahu_Battery_Bulk,2050-01-12 00:00,Oahu,0,0,0
Oahu_Battery_Bulk,2050-01-12 02:00,Oahu,0,0,0
Oahu_Battery_Bulk,2050-01-12 04:00,Oahu,0,0,0
Oahu_Battery_Bulk,2050-01-12 06:00,Oahu,0,0,0
Oahu_Battery_Bulk,2050-01-12 08:00,Oahu,0,0,0
Oahu_Battery_Bulk,2050-01-12 10:00,Oahu,0,0,0
Oahu_Battery_Bulk,2050-01-12 12:00,Oahu,0,0,0
Oahu_Battery_Bulk,2050-01-12 14:00,Oahu,162.676,0,292.817
Oahu_Battery_Bulk,2050-01-12 16:00,Oahu,690.609,0,1535.91
Oahu_Battery_Bulk,2050-01-12 18:00,Oahu,0,604.855,326.203
Oahu_Battery_Bulk,2050-01-12 20:00,Oahu,0,163.102,0
Oahu_Battery_Bulk,2050-01-12 22:00,Oahu,0,0,0
Oahu_Battery_Bulk,2050-01-19 00:00,Oahu,0,0,0
Oahu_Battery_Bulk,2050-01-19 02:00,Oahu,167.411,0,301.34
Oahu_Battery_Bulk,2050-01-19 04:00,Oahu,249.378,0,750.22
Oahu_Battery_Bulk,2050-01-19 06:00,Oahu,0,375.11,0
Oahu_Battery_Bulk,2050-01-19 08:00,Oahu,640.605,0,1153.09
Oahu_Battery_Bulk,2050-01-19 10:00,Oahu,573.947,0,2186.19
Oahu_Battery_Bulk,2050-01-19 12:00,Oahu,899.325,0,3804.98
Oahu_Battery_Bulk,2050-01-19 14:00,Oahu,577.542,0,4844.55
Oahu_Battery_Bulk,2050-01-19 16:00,Oahu,0,204.17,4436.21
Oahu_Battery_Bulk,2050-01-19 18:00,Oahu,0,913.059,2610.1
Oahu_Battery_Bulk,2050-01-19 20:00,Oahu,0,738.873,1132.35
Oahu_Battery_Bulk,2050-01-19 22:00,Oahu,0,566.175,0
Oahu_Battery_Bulk,2050-02-12 00:00,Oahu,0,0,0
Oahu_Battery_Bulk,2050-02-12 02:00,Oahu,0,0,0
Oahu_Battery_Bulk,2050-02-12 04:00,Oahu,79.3416,0,142.815
Oahu_Battery_Bulk,2050-02-12 06:00,Oahu,0,71.4074,0
Oahu_Battery_Bulk,2050-02-12 08:00,Oahu,127.586,0,229.654
Oahu_Battery_Bulk,2050-02-12 10:00,Oahu,0,0,229.654
Oahu_Battery_Bulk,2050-02-12 12:00,Oahu,0,0,229.654
Oahu_Battery_Bulk,2050-02-12 14:00,Oahu,920.258,0,1886.12
Oahu_Battery_Bulk,2050-02-12 16:00,Oahu,920.258,0,3542.58
Oahu_Battery_Bulk,2050-02-12 18:00,Oahu,0,660.687,2221.21
Oahu_Battery_Bulk,2050-02-12 20:00,Oahu,0,396.102,1429
Oahu_Battery_Bulk,2050-02-12 22:00,Oahu,0,714.502,0
Oahu_Battery_Bulk,2050-02-20 00:00,Oahu,0,413.909,2313.02
Oahu_Battery_Bulk,2050-02-20 02:00,Oahu,0,112.186,2088.65
Oahu_Battery_Bulk,2050-02-20 04:00,Oahu,0,537.354,1013.95
Oahu_Battery_Bulk,2050-02-20 06:00,Oahu,0,506.973,0
Oahu_Battery_Bulk,2050-02-20 08:00,Oahu,920.258,0,1656.46
Oahu_Battery_Bulk,2050-02-20 10:00,Oahu,482.077,0,2524.2
Oahu_Battery_Bulk,2050-02-20 12:00,Oahu,920.258,0,4180.67
Oahu_Battery_Bulk,2050-02-20 14:00,Oahu,920.258,0,5837.13
Oahu_Battery_Bulk,2050-02-20 16:00,Oahu,598.298,0,6914.07
Oahu_Battery_Bulk,2050-02-20 18:00,Oahu,0,811.458,5291.15
Oahu_Battery_Bulk,2050-02-20 20:00,Oahu,0,686.481,3918.19
Oahu_Battery_Bulk,2050-02-20 22:00,Oahu,0,388.674,3140.84
Oahu_Battery_Bulk,2050-04-10 00:00,Oahu,0,73.3311,1786.4
Oahu_Battery_Bulk,2050-04-10 02:00,Oahu,0,23.2949,1739.81
Oahu_Battery_Bulk,2050-04-10 04:00,Oahu,0,250.739,1238.33
Oahu_Battery_Bulk,2050-04-10 06:00,Oahu,0,619.166,0
Oahu_Battery_Bulk,2050-04-10 08:00,Oahu,60.3339,0,108.601
Oahu_Battery_Bulk,2050-04-10 10:00,Oahu,654.413,0,1286.54
Oahu_Battery_Bulk,2050-04-10 12:00,Oahu,695.457,0,2538.37
Oahu_Battery_Bulk,2050-04-10 14:00,Oahu,581.624,0,3585.29
Oahu_Battery_Bulk,2050-04-10 16:00,Oahu,920.258,0,5241.75
Oahu_Battery_Bulk,2050-04-10 18:00,Oahu,0,703.084,3835.59
Oahu_Battery_Bulk,2050-04-10 20:00,Oahu,0,659.175,2517.24
Oahu_Battery_Bulk,2050-04-10 22:00,Oahu,0,292.087,1933.06
Oahu_Battery_Bulk,2050-05-02 00:00,Oahu,0,0,0
Oahu_Battery_Bulk,2050-05-02 02:00,Oahu,0,0,0
Oahu_Battery_Bulk,2050-05-02 04:00,Oahu,0,0,0
Oahu_Battery_Bulk,2050-05-02 06:00,Oahu,0,0,0
Oahu_Battery_Bulk,2050-05-02 08:00,Oahu,0,0,0
Oahu_Battery_Bulk,2050-05-02 10:00,Oahu,0,0,0
Oahu_Battery_Bulk,2050-05-02 12:00,Oahu,0,0,0
Oahu_Battery_Bulk,2050-05-02 14:00,Oahu,0,0,0
Oahu_Battery_Bulk,2050-05-02 16:00,Oahu,25.1459,0,45.2627
Oahu_Battery_Bulk,2050-05-02 18:00,Oahu,0,22.6314,0
Oahu_Battery_Bulk,2050-05-02 20:00,Oahu,0,0,0
Oahu_Battery_Bulk,2050-05-02 22:00,Oahu,0,0,0
Oahu_Battery_Bulk,2050-06-17 00:00,Oahu,0,196.549,1618.31
Oahu_Battery_Bulk,2050-06-17 02:00,Oahu,0,253.405,1111.5
Oahu_Battery_Bulk,2050-06-17 04:00,Oahu,0,424.031,263.437
Oahu_Battery_Bulk,2050-06-17 06:00,Oahu,0,131.719,0
Oahu_Battery_Bulk,2050-06-17 08:00,Oahu,920.258,0,1656.46
Oahu_Battery_Bulk,2050-06-17 10:00,Oahu,920.258,0,3312.93
Oahu_Battery_Bulk,2050-06-17 12:00,Oahu,920.258,334.038,4301.31
Oahu_Battery_Bulk,2050-06-17 14:00,Oahu,920.258,0,5957.78
Oahu_Battery_Bulk,2050-06-17 16:00,Oahu,531.272,0,6914.07
Oahu_Battery_Bulk,2050-06-17 18:00,Oahu,0,847.258,5219.55
Oahu_Battery_Bulk,2050-06-17 20:00,Oahu,0,823.728,3572.1
Oahu_Battery_Bulk,2050-06-17 22:00,Oahu,0,780.344,2011.41
Oahu_Battery_Bulk,2050-08-18 00:00,Oahu,131.099,0,235.978
Oahu_Battery_Bulk,2050-08-18 02:00,Oahu,130.911,0,471.618
Oahu_Battery_Bulk,2050-08-18 04:00,Oahu,0,0,471.618
Oahu_Battery_Bulk,2050-08-18 06:00,Oahu,0,235.809,0
Oahu_Battery_Bulk,2050-08-18 08:00,Oahu,0,0,0
Oahu_Battery_Bulk,2050-08-18 10:00,Oahu,0,0,0
Oahu_Battery_Bulk,2050-08-18 12:00,Oahu,0,0,0
Oahu_Battery_Bulk,2050-08-18 14:00,Oahu,413.676,0,744.617
Oahu_Battery_Bulk,2050-08-18 16:00,Oahu,381.944,0,1432.12
Oahu_Battery_Bulk,2050-08-18 18:00,Oahu,0,74.6677,1282.78
Oahu_Battery_Bulk,2050-08-18 20:00,Oahu,0,413.195,456.391
Oahu_Battery_Bulk,2050-08-18 22:00,Oahu,0,228.195,0
Oahu_Battery_Bulk,2050-09-10 00:00,Oahu,0,234.769,2194.78
Oahu_Battery_Bulk,2050-09-10 02:00,Oahu,0,179.644,1835.49
Oahu_Battery_Bulk,2050-09-10 04:00,Oahu,0,251.539,1332.41
Oahu_Battery_Bulk,2050-09-10 06:00,Oahu,0,666.206,0
Oahu_Battery_Bulk,2050-09-10 08:00,Oahu,0,0,0
Oahu_Battery_Bulk,2050-09-10 10:00,Oahu,595.541,0,1071.97
Oahu_Battery_Bulk,2050-09-10 12:00,Oahu,920.258,0,2728.44
Oahu_Battery_Bulk,2050-09-10 14:00,Oahu,920.258,0,4384.9
Oahu_Battery_Bulk,2050-09-10 16:00,Oahu,920.258,0,6041.37
Oahu_Battery_Bulk,2050-09-10 18:00,Oahu,0,682.759,4675.85
Oahu_Battery_Bulk,2050-09-10 20:00,Oahu,0,769.985,3135.88
Oahu_Battery_Bulk,2050-09-10 22:00,Oahu,0,235.78,2664.32
Oahu_Battery_Bulk,2050-09-22 00:00,Oahu,0,236.855,0
Oahu_Battery_Bulk,2050-09-22 02:00,Oahu,10.4855,9.43699,0
Oahu_Battery_Bulk,2050-09-22 04:00,Oahu,0,0,0
Oahu_Battery_Bulk,2050-09-22 06:00,Oahu,0,0,0
Oahu_Battery_Bulk,2050-09-22 08:00,Oahu,0,0,0
Oahu_Battery_Bulk,2050-09-22 10:00,Oahu,0,0,0
Oahu_Battery_Bulk,2050-09-22 12:00,Oahu,33.2044,0,59.7678
Oahu_Battery_Bulk,2050-09-22 14:00,Oahu,0,0,59.7678
Oahu_Battery_Bulk,2050-09-22 16:00,Oahu,920.258,0,1716.23
Oahu_Battery_Bulk,2050-09-22 18:00,Oahu,0,244.426,1227.38
Oahu_Battery_Bulk,2050-09-22 20:00,Oahu,0,342.768,541.845
Oahu_Battery_Bulk,2050-09-22 22:00,Oahu,0,34.0673,473.71
Oahu_Battery_Bulk,2050-10-27 00:00,Oahu,0,0,0
Oahu_Battery_Bulk,2050-10-27 02:00,Oahu,0,0,0
Oahu_Battery_Bulk,2050-10-27 04:00,Oahu,0,0,0
Oahu_Battery_Bulk,2050-10-27 06:00,Oahu,0,0,0
Oahu_Battery_Bulk,2050-10-27 08:00,Oahu,0,0,0
Oahu_Battery_Bulk,2050-10-27 10:00,Oahu,0,0,0
Oahu_Battery_Bulk,2050-10-27 12:00,Oahu,0,0,0
Oahu_Battery_Bulk,2050-10-27 14:00,Oahu,200.258,0,360.464
Oahu_Battery_Bulk,2050-10-27 16:00,Oahu,220.369,0,757.127
Oahu_Battery_Bulk,2050-10-27 18:00,Oahu,0,378.564,0
Oahu_Battery_Bulk,2050-10-27 20:00,Oahu,0,0,0
Oahu_Battery_Bulk,2050-10-27 22:00,Oahu,0,0,0
Oahu_Battery_Bulk,2050-11-22 00:00,Oahu,0,0,118.816
Oahu_Battery_Bulk,2050-11-22 02:00,Oahu,0,40.0284,38.7596
Oahu_Battery_Bulk,2050-11-22 04:00,Oahu,0,0,38.7596
Oahu_Battery_Bulk,2050-11-22 06:00,Oahu,0,0,38.7596
Oahu_Battery_Bulk,2050-11-22 08:00,Oahu,0,19.3798,0
Oahu_Battery_Bulk,2050-11-22 10:00,Oahu,132.811,0,239.06
Oahu_Battery_Bulk,2050-11-22 12:00,Oahu,594.171,0,1308.57
Oahu_Battery_Bulk,2050-11-22 14:00,Oahu,342.346,0,1924.79
Oahu_Battery_Bulk,2050-11-22 16:00,Oahu,0,0,1924.79
Oahu_Battery_Bulk,2050-11-22 18:00,Oahu,0,358.553,1207.69
Oahu_Battery_Bulk,2050-11-22 20:00,Oahu,0,247.491,712.704
Oahu_Battery_Bulk,2050-11-22 22:00,Oahu,0,296.944,118.816
Oahu_Battery_Bulk,2050-12-15 00:00,Oahu,0,0,0
Oahu_Battery_Bulk,2050-12-15 02:00,Oahu,0,0,0
Oahu_Battery_Bulk,2050-12-15 04:00,Oahu,0,0,0
Oahu_Battery_Bulk,2050-12-15 06:00,Oahu,0,0,0
Oahu_Battery_Bulk,2050-12-15 08:00,Oahu,0,0,0
Oahu_Battery_Bulk,2050-12-15 10:00,Oahu,0,0,0
Oahu_Battery_Bulk,2050-12-15 12:00,Oahu,0,0,0
Oahu_Battery_Bulk,2050-12-15 14:00,Oahu,0,0,0
Oahu_Battery_Bulk,2050-12-15 16:00,Oahu,0,0,0
Oahu_Battery_Bulk,2050-12-15 18:00,Oahu,0,0,0
Oahu_Battery_Bulk,2050-12-15 20:00,Oahu,101.656,91.4908,0
Oahu_Battery_Bulk,2050-12-15 22:00,Oahu,0,0,0
Oahu_Battery_Conting,2020-01-12 00:00,Oahu,0,0,0
Oahu_Battery_Conting,2020-01-12 02:00,Oahu,0,0,0
Oahu_Battery_Conting,2020-01-12 04:00,Oahu,0,0,0
Oahu_Battery_Conting,2020-01-12 06:00,Oahu,0,0,0
Oahu_Battery_Conting,2020-01-12 08:00,Oahu,0,0,0
Oahu_Battery_Conting,2020-01-12 10:00,Oahu,0,0,0
Oahu_Battery_Conting,2020-01-12 12:00,Oahu,0,0,0
Oahu_Battery_Conting,2020-01-12 14:00,Oahu,0,0,0
Oahu_Battery_Conting,2020-01-12 16:00,Oahu,0,0,0
Oahu_Battery_Conting,2020-01-12 18:00,Oahu,0,0,0
Oahu_Battery_Conting,2020-01-12 20:00,Oahu,0,0,0
Oahu_Battery_Conting,2020-01-12 22:00,Oahu,0,0,0
Oahu_Battery_Conting,2020-01-19 00:00,Oahu,0,0,0
Oahu_Battery_Conting,2020-01-19 02:00,Oahu,0,0,0
Oahu_Battery_Conting,2020-01-19 04:00,Oahu,0,0,0
Oahu_Battery_Conting,2020-01-19 06:00,Oahu,0,0,0
Oahu_Battery_Conting,2020-01-19 08:00,Oahu,0,0,0
Oahu_Battery_Conting,2020-01-19 10:00,Oahu,0,0,0
Oahu_Battery_Conting,2020-01-19 12:00,Oahu,0,0,0
Oahu_Battery_Conting,2020-01-19 14:00,Oahu,0,0,0
Oahu_Battery_Conting,2020-01-19 16:00,Oahu,0,0,0
Oahu_Battery_Conting,2020-01-19 18:00,Oahu,0,0,0
Oahu_Battery_Conting,2020-01-19 20:00,Oahu,0,0,0
Oahu_Battery_Conting,2020-01-19 22:00,Oahu,0,0,0
Oahu_Battery_Conting,2020-02-12 00:00,Oahu,0,0,0
Oahu_Battery_Conting,2020-02-12 02:00,Oahu,0,0,0
Oahu_Battery_Conting,2020-02-12 04:00,Oahu,0,0,0
Oahu_Battery_Conting,2020-02-12 06:00,Oahu,0,0,0
Oahu_Battery_Conting,2020-02-12 08:00,Oahu,0,0,0
Oahu_Battery_Conting,2020-02-12 10:00,Oahu,0,0,0
Oahu_Battery_Conting,2020-02-12 12:00,Oahu,0,0,0
Oahu_Battery_Conting,2020-02-12 14:00,Oahu,0,0,0
Oahu_Battery_Conting,2020-02-12 16:00,Oahu,0,0,0
Oahu_Battery_Conting,2020-02-12 18:00,Oahu,0,0,0
Oahu_Battery_Conting,2020-02-12 20:00,Oahu,0,0,0
Oahu_Battery_Conting,2020-02-12 22:00,Oahu,0,0,0
Oahu_Battery_Conting,2020-02-20 00:00,Oahu,0,0,0
Oahu_Battery_Conting,2020-02-20 02:00,Oahu,0,0,0
Oahu_Battery_Conting,2020-02-20 04:00,Oahu,0,0,0
Oahu_Battery_Conting,2020-02-20 06:00,Oahu,0,0,0
Oahu_Battery_Conting,2020-02-20 08:00,Oahu,0,0,0
Oahu_Battery_Conting,2020-02-20 10:00,Oahu,0,0,0
Oahu_Battery_Conting,2020-02-20 12:00,Oahu,0,0,0
Oahu_Battery_Conting,2020-02-20 14:00,Oahu,0,0,0
Oahu_Battery_Conting,2020-02-20 16:00,Oahu,0,0,0
Oahu_Battery_Conting,2020-02-20 18:00,Oahu,0,0,0
Oahu_Battery_Conting,2020-02-20 20:00,Oahu,0,0,0
Oahu_Battery_Conting,2020-02-20 22:00,Oahu,0,0,0
Oahu_Battery_Conting,2020-04-10 00:00,Oahu,0,0,0
Oahu_Battery_Conting,2020-04-10 02:00,Oahu,0,0,0
Oahu_Battery_Conting,2020-04-10 04:00,Oahu,0,0,0
Oahu_Battery_Conting,2020-04-10 06:00,Oahu,0,0,0
Oahu_Battery_Conting,2020-04-10 08:00,Oahu,0,0,0
Oahu_Battery_Conting,2020-04-10 10:00,Oahu,0,0,0
Oahu_Battery_Conting,2020-04-10 12:00,Oahu,0,0,0
Oahu_Battery_Conting,2020-04-10 14:00,Oahu,0,0,0
Oahu_Battery_Conting,2020-04-10 16:00,Oahu,0,0,0
Oahu_Battery_Conting,2020-04-10 18:00,Oahu,0,0,0
Oahu_Battery_Conting,2020-04-10 20:00,Oahu,0,0,0
Oahu_Battery_Conting,2020-04-10 22:00,Oahu,0,0,0
Oahu_Battery_Conting,2020-05-02 00:00,Oahu,0,0,0
Oahu_Battery_Conting,2020-05-02 02:00,Oahu,0,0,0
Oahu_Battery_Conting,2020-05-02 04:00,Oahu,0,0,0
Oahu_Battery_Conting,2020-05-02 06:00,Oahu,0,0,0
Oahu_Battery_Conting,2020-05-02 08:00,Oahu,0,0,0
Oahu_Battery_Conting,2020-05-02 10:00,Oahu,0,0,0
Oahu_Battery_Conting,2020-05-02 12:00,Oahu,0,0,0
Oahu_Battery_Conting,2020-05-02 14:00,Oahu,0,0,0
Oahu_Battery_Conting,2020-05-02 16:00,Oahu,0,0,0
Oahu_Battery_Conting,2020-05-02 18:00,Oahu,0,0,0
Oahu_Battery_Conting,2020-05-02 20:00,Oahu,0,0,0
Oahu_Battery_Conting,2020-05-02 22:00,Oahu,0,0,0
Oahu_Battery_Conting,2020-06-17 00:00,Oahu,0,0,0
Oahu_Battery_Conting,2020-06-17 02:00,Oahu,0,0,0
Oahu_Battery_Conting,2020-06-17 04:00,Oahu,0,0,0
Oahu_Battery_Conting,2020-06-17 06:00,Oahu,0,0,0
Oahu_Battery_Conting,2020-06-17 08:00,Oahu,0,0,0
Oahu_Battery_Conting,2020-06-17 10:00,Oahu,0,0,0
Oahu_Battery_Conting,2020-06-17 12:00,Oahu,0,0,0
Oahu_Battery_Conting,2020-06-17 14:00,Oahu,0,0,0
Oahu_Battery_Conting,2020-06-17 16:00,Oahu,0,0,0
Oahu_Battery_Conting,2020-06-17 18:00,Oahu,0,0,0
Oahu_Battery_Conting,2020-06-17 20:00,Oahu,0,0,0
Oahu_Battery_Conting,2020-06-17 22:00,Oahu,0,0,0
Oahu_Battery_Conting,2020-08-18 00:00,Oahu,0,0,0
Oahu_Battery_Conting,2020-08-18 02:00,Oahu,0,0,0
Oahu_Battery_Conting,2020-08-18 04:00,Oahu,0,0,0
Oahu_Battery_Conting,2020-08-18 06:00,Oahu,0,0,0
Oahu_Battery_Conting,2020-08-18 08:00,Oahu,0,0,0
Oahu_Battery_Conting,2020-08-18 10:00,Oahu,0,0,0
Oahu_Battery_Conting,2020-08-18 12:00,Oahu,0,0,0
Oahu_Battery_Conting,2020-08-18 14:00,Oahu,0,0,0
Oahu_Battery_Conting,2020-08-18 16:00,Oahu,0,0,0
Oahu_Battery_Conting,2020-08-18 18:00,Oahu,0,0,0
Oahu_Battery_Conting,2020-08-18 20:00,Oahu,0,0,0
Oahu_Battery_Conting,2020-08-18 22:00,Oahu,0,0,0
Oahu_Battery_Conting,2020-09-10 00:00,Oahu,0,0,0
Oahu_Battery_Conting,2020-09-10 02:00,Oahu,0,0,0
Oahu_Battery_Conting,2020-09-10 04:00,Oahu,0,0,0
Oahu_Battery_Conting,2020-09-10 06:00,Oahu,0,0,0
Oahu_Battery_Conting,2020-09-10 08:00,Oahu,0,0,0
Oahu_Battery_Conting,2020-09-10 10:00,Oahu,0,0,0
Oahu_Battery_Conting,2020-09-10 12:00,Oahu,0,0,0
Oahu_Battery_Conting,2020-09-10 14:00,Oahu,0,0,0
Oahu_Battery_Conting,2020-09-10 16:00,Oahu,0,0,0
Oahu_Battery_Conting,2020-09-10 18:00,Oahu,0,0,0
Oahu_Battery_Conting,2020-09-10 20:00,Oahu,0,0,0
Oahu_Battery_Conting,2020-09-10 22:00,Oahu,0,0,0
Oahu_Battery_Conting,2020-09-22 00:00,Oahu,0,0,0
Oahu_Battery_Conting,2020-09-22 02:00,Oahu,0,0,0
Oahu_Battery_Conting,2020-09-22 04:00,Oahu,0,0,0
Oahu_Battery_Conting,2020-09-22 06:00,Oahu,0,0,0
Oahu_Battery_Conting,2020-09-22 08:00,Oahu,0,0,0
Oahu_Battery_Conting,2020-09-22 10:00,Oahu,0,0,0
Oahu_Battery_Conting,2020-09-22 12:00,Oahu,0,0,0
Oahu_Battery_Conting,2020-09-22 14:00,Oahu,0,0,0
Oahu_Battery_Conting,2020-09-22 16:00,Oahu,0,0,0
Oahu_Battery_Conting,2020-09-22 18:00,Oahu,0,0,0
Oahu_Battery_Conting,2020-09-22 20:00,Oahu,0,0,0
Oahu_Battery_Conting,2020-09-22 22:00,Oahu,0,0,0
Oahu_Battery_Conting,2020-10-27 00:00,Oahu,0,0,0
Oahu_Battery_Conting,2020-10-27 02:00,Oahu,0,0,0
Oahu_Battery_Conting,2020-10-27 04:00,Oahu,0,0,0
Oahu_Battery_Conting,2020-10-27 06:00,Oahu,0,0,0
Oahu_Battery_Conting,2020-10-27 08:00,Oahu,0,0,0
Oahu_Battery_Conting,2020-10-27 10:00,Oahu,0,0,0
Oahu_Battery_Conting,2020-10-27 12:00,Oahu,0,0,0
Oahu_Battery_Conting,2020-10-27 14:00,Oahu,0,0,0
Oahu_Battery_Conting,2020-10-27 16:00,Oahu,0,0,0
Oahu_Battery_Conting,2020-10-27 18:00,Oahu,0,0,0
Oahu_Battery_Conting,2020-10-27 20:00,Oahu,0,0,0
Oahu_Battery_Conting,2020-10-27 22:00,Oahu,0,0,0
Oahu_Battery_Conting,2020-11-22 00:00,Oahu,0,0,0
Oahu_Battery_Conting,2020-11-22 02:00,Oahu,0,0,0
Oahu_Battery_Conting,2020-11-22 04:00,Oahu,0,0,0
Oahu_Battery_Conting,2020-11-22 06:00,Oahu,0,0,0
Oahu_Battery_Conting,2020-11-22 08:00,Oahu,0,0,0
Oahu_Battery_Conting,2020-11-22 10:00,Oahu,0,0,0
Oahu_Battery_Conting,2020-11-22 12:00,Oahu,0,0,0
Oahu_Battery_Conting,2020-11-22 14:00,Oahu,0,0,0
Oahu_Battery_Conting,2020-11-22 16:00,Oahu,0,0,0
Oahu_Battery_Conting,2020-11-22 18:00,Oahu,0,0,0
Oahu_Battery_Conting,2020-11-22 20:00,Oahu,0,0,0
Oahu_Battery_Conting,2020-11-22 22:00,Oahu,0,0,0
Oahu_Battery_Conting,2020-12-15 00:00,Oahu,0,0,0
Oahu_Battery_Conting,2020-12-15 02:00,Oahu,0,0,0
Oahu_Battery_Conting,2020-12-15 04:00,Oahu,0,0,0
Oahu_Battery_Conting,2020-12-15 06:00,Oahu,0,0,0
Oahu_Battery_Conting,2020-12-15 08:00,Oahu,0,0,0
Oahu_Battery_Conting,2020-12-15 10:00,Oahu,0,0,0
Oahu_Battery_Conting,2020-12-15 12:00,Oahu,0,0,0
Oahu_Battery_Conting,2020-12-15 14:00,Oahu,0,0,0
Oahu_Battery_Conting,2020-12-15 16:00,Oahu,0,0,0
Oahu_Battery_Conting,2020-12-15 18:00,Oahu,0,0,0
Oahu_Battery_Conting,2020-12-15 20:00,Oahu,0,0,0
Oahu_Battery_Conting,2020-12-15 22:00,Oahu,0,0,0
Oahu_Battery_Conting,2023-01-12 00:00,Oahu,0,0,0
Oahu_Battery_Conting,2023-01-12 02:00,Oahu,0,0,0
Oahu_Battery_Conting,2023-01-12 04:00,Oahu,0,0,0
Oahu_Battery_Conting,2023-01-12 06:00,Oahu,0,0,0
Oahu_Battery_Conting,2023-01-12 08:00,Oahu,0,0,0
Oahu_Battery_Conting,2023-01-12 10:00,Oahu,0,0,0
Oahu_Battery_Conting,2023-01-12 12:00,Oahu,0,0,0
Oahu_Battery_Conting,2023-01-12 14:00,Oahu,0,0,0
Oahu_Battery_Conting,2023-01-12 16:00,Oahu,0,0,0
Oahu_Battery_Conting,2023-01-12 18:00,Oahu,0,0,0
Oahu_Battery_Conting,2023-01-12 20:00,Oahu,0,0,0
Oahu_Battery_Conting,2023-01-12 22:00,Oahu,0,0,0
Oahu_Battery_Conting,2023-01-19 00:00,Oahu,0,0,0
Oahu_Battery_Conting,2023-01-19 02:00,Oahu,0,0,0
Oahu_Battery_Conting,2023-01-19 04:00,Oahu,0,0,0
Oahu_Battery_Conting,2023-01-19 06:00,Oahu,0,0,0
Oahu_Battery_Conting,2023-01-19 08:00,Oahu,0,0,0
Oahu_Battery_Conting,2023-01-19 10:00,Oahu,0,0,0
Oahu_Battery_Conting,2023-01-19 12:00,Oahu,0,0,0
Oahu_Battery_Conting,2023-01-19 14:00,Oahu,0,0,0
Oahu_Battery_Conting,2023-01-19 16:00,Oahu,0,0,0
Oahu_Battery_Conting,2023-01-19 18:00,Oahu,0,0,0
Oahu_Battery_Conting,2023-01-19 20:00,Oahu,0,0,0
Oahu_Battery_Conting,2023-01-19 22:00,Oahu,0,0,0
Oahu_Battery_Conting,2023-02-12 00:00,Oahu,0,0,0
Oahu_Battery_Conting,2023-02-12 02:00,Oahu,0,0,0
Oahu_Battery_Conting,2023-02-12 04:00,Oahu,0,0,0
Oahu_Battery_Conting,2023-02-12 06:00,Oahu,0,0,0
Oahu_Battery_Conting,2023-02-12 08:00,Oahu,0,0,0
Oahu_Battery_Conting,2023-02-12 10:00,Oahu,0,0,0
Oahu_Battery_Conting,2023-02-12 12:00,Oahu,0,0,0
Oahu_Battery_Conting,2023-02-12 14:00,Oahu,0,0,0
Oahu_Battery_Conting,2023-02-12 16:00,Oahu,0,0,0
Oahu_Battery_Conting,2023-02-12 18:00,Oahu,0,0,0
Oahu_Battery_Conting,2023-02-12 20:00,Oahu,0,0,0
Oahu_Battery_Conting,2023-02-12 22:00,Oahu,0,0,0
Oahu_Battery_Conting,2023-02-20 00:00,Oahu,0,0,0
Oahu_Battery_Conting,2023-02-20 02:00,Oahu,0,0,0
Oahu_Battery_Conting,2023-02-20 04:00,Oahu,0,0,0
Oahu_Battery_Conting,2023-02-20 06:00,Oahu,0,0,0
Oahu_Battery_Conting,2023-02-20 08:00,Oahu,0,0,0
Oahu_Battery_Conting,2023-02-20 10:00,Oahu,0,0,0
Oahu_Battery_Conting,2023-02-20 12:00,Oahu,0,0,0
Oahu_Battery_Conting,2023-02-20 14:00,Oahu,0,0,0
Oahu_Battery_Conting,2023-02-20 16:00,Oahu,0,0,0
Oahu_Battery_Conting,2023-02-20 18:00,Oahu,0,0,0
Oahu_Battery_Conting,2023-02-20 20:00,Oahu,0,0,0
Oahu_Battery_Conting,2023-02-20 22:00,Oahu,0,0,0
Oahu_Battery_Conting,2023-04-10 00:00,Oahu,0,0,0
Oahu_Battery_Conting,2023-04-10 02:00,Oahu,0,0,0
Oahu_Battery_Conting,2023-04-10 04:00,Oahu,0,0,0
Oahu_Battery_Conting,2023-04-10 06:00,Oahu,0,0,0
Oahu_Battery_Conting,2023-04-10 08:00,Oahu,0,0,0
Oahu_Battery_Conting,2023-04-10 10:00,Oahu,0,0,0
Oahu_Battery_Conting,2023-04-10 12:00,Oahu,0,0,0
Oahu_Battery_Conting,2023-04-10 14:00,Oahu,0,0,0
Oahu_Battery_Conting,2023-04-10 16:00,Oahu,0,0,0
Oahu_Battery_Conting,2023-04-10 18:00,Oahu,0,0,0
Oahu_Battery_Conting,2023-04-10 20:00,Oahu,0,0,0
Oahu_Battery_Conting,2023-04-10 22:00,Oahu,0,0,0
Oahu_Battery_Conting,2023-05-02 00:00,Oahu,0,0,0
Oahu_Battery_Conting,2023-05-02 02:00,Oahu,0,0,0
Oahu_Battery_Conting,2023-05-02 04:00,Oahu,0,0,0
Oahu_Battery_Conting,2023-05-02 06:00,Oahu,0,0,0
Oahu_Battery_Conting,2023-05-02 08:00,Oahu,0,0,0
Oahu_Battery_Conting,2023-05-02 10:00,Oahu,0,0,0
Oahu_Battery_Conting,2023-05-02 12:00,Oahu,0,0,0
Oahu_Battery_Conting,2023-05-02 14:00,Oahu,0,0,0
Oahu_Battery_Conting,2023-05-02 16:00,Oahu,0,0,0
Oahu_Battery_Conting,2023-05-02 18:00,Oahu,0,0,0
Oahu_Battery_Conting,2023-05-02 20:00,Oahu,0,0,0
Oahu_Battery_Conting,2023-05-02 22:00,Oahu,0,0,0
Oahu_Battery_Conting,2023-06-17 00:00,Oahu,0,0,0
Oahu_Battery_Conting,2023-06-17 02:00,Oahu,0,0,0
Oahu_Battery_Conting,2023-06-17 04:00,Oahu,0,0,0
Oahu_Battery_Conting,2023-06-17 06:00,Oahu,0,0,0
Oahu_Battery_Conting,2023-06-17 08:00,Oahu,0,0,0
Oahu_Battery_Conting,2023-06-17 10:00,Oahu,0,0,0
Oahu_Battery_Conting,2023-06-17 12:00,Oahu,0,0,0
Oahu_Battery_Conting,2023-06-17 14:00,Oahu,0,0,0
Oahu_Battery_Conting,2023-06-17 16:00,Oahu,0,0,0
Oahu_Battery_Conting,2023-06-17 18:00,Oahu,0,0,0
Oahu_Battery_Conting,2023-06-17 20:00,Oahu,0,0,0
Oahu_Battery_Conting,2023-06-17 22:00,Oahu,0,0,0
Oahu_Battery_Conting,2023-08-18 00:00,Oahu,0,0,0
Oahu_Battery_Conting,2023-08-18 02:00,Oahu,0,0,0
Oahu_Battery_Conting,2023-08-18 04:00,Oahu,0,0,0
Oahu_Battery_Conting,2023-08-18 06:00,Oahu,0,0,0
Oahu_Battery_Conting,2023-08-18 08:00,Oahu,0,0,0
Oahu_Battery_Conting,2023-08-18 10:00,Oahu,0,0,0
Oahu_Battery_Conting,2023-08-18 12:00,Oahu,0,0,0
Oahu_Battery_Conting,2023-08-18 14:00,Oahu,0,0,0
Oahu_Battery_Conting,2023-08-18 16:00,Oahu,0,0,0
Oahu_Battery_Conting,2023-08-18 18:00,Oahu,0,0,0
Oahu_Battery_Conting,2023-08-18 20:00,Oahu,0,0,0
Oahu_Battery_Conting,2023-08-18 22:00,Oahu,0,0,0
Oahu_Battery_Conting,2023-09-10 00:00,Oahu,0,0,0
Oahu_Battery_Conting,2023-09-10 02:00,Oahu,0,0,0
Oahu_Battery_Conting,2023-09-10 04:00,Oahu,0,0,0
Oahu_Battery_Conting,2023-09-10 06:00,Oahu,0,0,0
Oahu_Battery_Conting,2023-09-10 08:00,Oahu,0,0,0
Oahu_Battery_Conting,2023-09-10 10:00,Oahu,0,0,0
Oahu_Battery_Conting,2023-09-10 12:00,Oahu,0,0,0
Oahu_Battery_Conting,2023-09-10 14:00,Oahu,0,0,0
Oahu_Battery_Conting,2023-09-10 16:00,Oahu,0,0,0
Oahu_Battery_Conting,2023-09-10 18:00,Oahu,0,0,0
Oahu_Battery_Conting,2023-09-10 20:00,Oahu,0,0,0
Oahu_Battery_Conting,2023-09-10 22:00,Oahu,0,0,0
Oahu_Battery_Conting,2023-09-22 00:00,Oahu,0,0,0
Oahu_Battery_Conting,2023-09-22 02:00,Oahu,0,0,0
Oahu_Battery_Conting,2023-09-22 04:00,Oahu,0,0,0
Oahu_Battery_Conting,2023-09-22 06:00,Oahu,0,0,0
Oahu_Battery_Conting,2023-09-22 08:00,Oahu,0,0,0
Oahu_Battery_Conting,2023-09-22 10:00,Oahu,0,0,0
Oahu_Battery_Conting,2023-09-22 12:00,Oahu,0,0,0
Oahu_Battery_Conting,2023-09-22 14:00,Oahu,0,0,0
Oahu_Battery_Conting,2023-09-22 16:00,Oahu,0,0,0
Oahu_Battery_Conting,2023-09-22 18:00,Oahu,0,0,0
Oahu_Battery_Conting,2023-09-22 20:00,Oahu,0,0,0
Oahu_Battery_Conting,2023-09-22 22:00,Oahu,0,0,0
Oahu_Battery_Conting,2023-10-27 00:00,Oahu,0,0,0
Oahu_Battery_Conting,2023-10-27 02:00,Oahu,0,0,0
Oahu_Battery_Conting,2023-10-27 04:00,Oahu,0,0,0
Oahu_Battery_Conting,2023-10-27 06:00,Oahu,0,0,0
Oahu_Battery_Conting,2023-10-27 08:00,Oahu,0,0,0
Oahu_Battery_Conting,2023-10-27 10:00,Oahu,0,0,0
Oahu_Battery_Conting,2023-10-27 12:00,Oahu,0,0,0
Oahu_Battery_Conting,2023-10-27 14:00,Oahu,0,0,0
Oahu_Battery_Conting,2023-10-27 16:00,Oahu,0,0,0
Oahu_Battery_Conting,2023-10-27 18:00,Oahu,0,0,0
Oahu_Battery_Conting,2023-10-27 20:00,Oahu,0,0,0
Oahu_Battery_Conting,2023-10-27 22:00,Oahu,0,0,0
Oahu_Battery_Conting,2023-11-22 00:00,Oahu,0,0,0
Oahu_Battery_Conting,2023-11-22 02:00,Oahu,0,0,0
Oahu_Battery_Conting,2023-11-22 04:00,Oahu,0,0,0
Oahu_Battery_Conting,2023-11-22 06:00,Oahu,0,0,0
Oahu_Battery_Conting,2023-11-22 08:00,Oahu,0,0,0
Oahu_Battery_Conting,2023-11-22 10:00,Oahu,0,0,0
Oahu_Battery_Conting,2023-11-22 12:00,Oahu,0,0,0
Oahu_Battery_Conting,2023-11-22 14:00,Oahu,0,0,0
Oahu_Battery_Conting,2023-11-22 16:00,Oahu,0,0,0
Oahu_Battery_Conting,2023-11-22 18:00,Oahu,0,0,0
Oahu_Battery_Conting,2023-11-22 20:00,Oahu,0,0,0
Oahu_Battery_Conting,2023-11-22 22:00,Oahu,0,0,0
Oahu_Battery_Conting,2023-12-15 00:00,Oahu,0,0,0
Oahu_Battery_Conting,2023-12-15 02:00,Oahu,0,0,0
Oahu_Battery_Conting,2023-12-15 04:00,Oahu,0,0,0
Oahu_Battery_Conting,2023-12-15 06:00,Oahu,0,0,0
Oahu_Battery_Conting,2023-12-15 08:00,Oahu,0,0,0
Oahu_Battery_Conting,2023-12-15 10:00,Oahu,0,0,0
Oahu_Battery_Conting,2023-12-15 12:00,Oahu,0,0,0
Oahu_Battery_Conting,2023-12-15 14:00,Oahu,0,0,0
Oahu_Battery_Conting,2023-12-15 16:00,Oahu,0,0,0
Oahu_Battery_Conting,2023-12-15 18:00,Oahu,0,0,0
Oahu_Battery_Conting,2023-12-15 20:00,Oahu,0,0,0
Oahu_Battery_Conting,2023-12-15 22:00,Oahu,0,0,0
Oahu_Battery_Conting,2025-01-12 00:00,Oahu,0,0,0
Oahu_Battery_Conting,2025-01-12 02:00,Oahu,0,0,0
Oahu_Battery_Conting,2025-01-12 04:00,Oahu,0,0,0
Oahu_Battery_Conting,2025-01-12 06:00,Oahu,0,0,0
Oahu_Battery_Conting,2025-01-12 08:00,Oahu,0,0,0
Oahu_Battery_Conting,2025-01-12 10:00,Oahu,0,0,0
Oahu_Battery_Conting,2025-01-12 12:00,Oahu,0,0,0
Oahu_Battery_Conting,2025-01-12 14:00,Oahu,0,0,0
Oahu_Battery_Conting,2025-01-12 16:00,Oahu,0,0,0
Oahu_Battery_Conting,2025-01-12 18:00,Oahu,0,0,0
Oahu_Battery_Conting,2025-01-12 20:00,Oahu,0,0,0
Oahu_Battery_Conting,2025-01-12 22:00,Oahu,0,0,0
Oahu_Battery_Conting,2025-01-19 00:00,Oahu,0,0,0
Oahu_Battery_Conting,2025-01-19 02:00,Oahu,0,0,0
Oahu_Battery_Conting,2025-01-19 04:00,Oahu,0,0,0
Oahu_Battery_Conting,2025-01-19 06:00,Oahu,0,0,0
Oahu_Battery_Conting,2025-01-19 08:00,Oahu,0,0,0
Oahu_Battery_Conting,2025-01-19 10:00,Oahu,0,0,0
Oahu_Battery_Conting,2025-01-19 12:00,Oahu,0,0,0
Oahu_Battery_Conting,2025-01-19 14:00,Oahu,0,0,0
Oahu_Battery_Conting,2025-01-19 16:00,Oahu,0,0,0
Oahu_Battery_Conting,2025-01-19 18:00,Oahu,0,0,0
Oahu_Battery_Conting,2025-01-19 20:00,Oahu,0,0,0
Oahu_Battery_Conting,2025-01-19 22:00,Oahu,0,0,0
Oahu_Battery_Conting,2025-02-12 00:00,Oahu,0,0,0
Oahu_Battery_Conting,2025-02-12 02:00,Oahu,0,0,0
Oahu_Battery_Conting,2025-02-12 04:00,Oahu,0,0,0
Oahu_Battery_Conting,2025-02-12 06:00,Oahu,0,0,0
Oahu_Battery_Conting,2025-02-12 08:00,Oahu,0,0,0
Oahu_Battery_Conting,2025-02-12 10:00,Oahu,0,0,0
Oahu_Battery_Conting,2025-02-12 12:00,Oahu,0,0,0
Oahu_Battery_Conting,2025-02-12 14:00,Oahu,0,0,0
Oahu_Battery_Conting,2025-02-12 16:00,Oahu,0,0,0
Oahu_Battery_Conting,2025-02-12 18:00,Oahu,0,0,0
Oahu_Battery_Conting,2025-02-12 20:00,Oahu,0,0,0
Oahu_Battery_Conting,2025-02-12 22:00,Oahu,0,0,0
Oahu_Battery_Conting,2025-02-20 00:00,Oahu,0,0,0
Oahu_Battery_Conting,2025-02-20 02:00,Oahu,0,0,0
Oahu_Battery_Conting,2025-02-20 04:00,Oahu,0,0,0
Oahu_Battery_Conting,2025-02-20 06:00,Oahu,0,0,0
Oahu_Battery_Conting,2025-02-20 08:00,Oahu,0,0,0
Oahu_Battery_Conting,2025-02-20 10:00,Oahu,0,0,0
Oahu_Battery_Conting,2025-02-20 12:00,Oahu,0,0,0
Oahu_Battery_Conting,2025-02-20 14:00,Oahu,0,0,0
Oahu_Battery_Conting,2025-02-20 16:00,Oahu,0,0,0
Oahu_Battery_Conting,2025-02-20 18:00,Oahu,0,0,0
Oahu_Battery_Conting,2025-02-20 20:00,Oahu,0,0,0
Oahu_Battery_Conting,2025-02-20 22:00,Oahu,0,0,0
Oahu_Battery_Conting,2025-04-10 00:00,Oahu,0,0,0
Oahu_Battery_Conting,2025-04-10 02:00,Oahu,0,0,0
Oahu_Battery_Conting,2025-04-10 04:00,Oahu,0,0,0
Oahu_Battery_Conting,2025-04-10 06:00,Oahu,0,0,0
Oahu_Battery_Conting,2025-04-10 08:00,Oahu,0,0,0
Oahu_Battery_Conting,2025-04-10 10:00,Oahu,0,0,0
Oahu_Battery_Conting,2025-04-10 12:00,Oahu,0,0,0
Oahu_Battery_Conting,2025-04-10 14:00,Oahu,0,0,0
Oahu_Battery_Conting,2025-04-10 16:00,Oahu,0,0,0
Oahu_Battery_Conting,2025-04-10 18:00,Oahu,0,0,0
Oahu_Battery_Conting,2025-04-10 20:00,Oahu,0,0,0
Oahu_Battery_Conting,2025-04-10 22:00,Oahu,0,0,0
Oahu_Battery_Conting,2025-05-02 00:00,Oahu,0,0,0
Oahu_Battery_Conting,2025-05-02 02:00,Oahu,0,0,0
Oahu_Battery_Conting,2025-05-02 04:00,Oahu,0,0,0
Oahu_Battery_Conting,2025-05-02 06:00,Oahu,0,0,0
Oahu_Battery_Conting,2025-05-02 08:00,Oahu,0,0,0
Oahu_Battery_Conting,2025-05-02 10:00,Oahu,0,0,0
Oahu_Battery_Conting,2025-05-02 12:00,Oahu,0,0,0
Oahu_Battery_Conting,2025-05-02 14:00,Oahu,0,0,0
Oahu_Battery_Conting,2025-05-02 16:00,Oahu,0,0,0
Oahu_Battery_Conting,2025-05-02 18:00,Oahu,0,0,0
Oahu_Battery_Conting,2025-05-02 20:00,Oahu,0,0,0
Oahu_Battery_Conting,2025-05-02 22:00,Oahu,0,0,0
Oahu_Battery_Conting,2025-06-17 00:00,Oahu,0,0,0
Oahu_Battery_Conting,2025-06-17 02:00,Oahu,0,0,0
Oahu_Battery_Conting,2025-06-17 04:00,Oahu,0,0,0
Oahu_Battery_Conting,2025-06-17 06:00,Oahu,0,0,0
Oahu_Battery_Conting,2025-06-17 08:00,Oahu,0,0,0
Oahu_Battery_Conting,2025-06-17 10:00,Oahu,0,0,0
Oahu_Battery_Conting,2025-06-17 12:00,Oahu,0,0,0
Oahu_Battery_Conting,2025-06-17 14:00,Oahu,0,0,0
Oahu_Battery_Conting,2025-06-17 16:00,Oahu,0,0,0
Oahu_Battery_Conting,2025-06-17 18:00,Oahu,0,0,0
Oahu_Battery_Conting,2025-06-17 20:00,Oahu,0,0,0
Oahu_Battery_Conting,2025-06-17 22:00,Oahu,0,0,0
Oahu_Battery_Conting,2025-08-18 00:00,Oahu,0,0,0
Oahu_Battery_Conting,2025-08-18 02:00,Oahu,0,0,0
Oahu_Battery_Conting,2025-08-18 04:00,Oahu,0,0,0
Oahu_Battery_Conting,2025-08-18 06:00,Oahu,0,0,0
Oahu_Battery_Conting,2025-08-18 08:00,Oahu,0,0,0
Oahu_Battery_Conting,2025-08-18 10:00,Oahu,0,0,0
Oahu_Battery_Conting,2025-08-18 12:00,Oahu,0,0,0
Oahu_Battery_Conting,2025-08-18 14:00,Oahu,0,0,0
Oahu_Battery_Conting,2025-08-18 16:00,Oahu,0,0,0
Oahu_Battery_Conting,2025-08-18 18:00,Oahu,0,0,0
Oahu_Battery_Conting,2025-08-18 20:00,Oahu,0,0,0
Oahu_Battery_Conting,2025-08-18 22:00,Oahu,0,0,0
Oahu_Battery_Conting,2025-09-10 00:00,Oahu,0,0,0
Oahu_Battery_Conting,2025-09-10 02:00,Oahu,0,0,0
Oahu_Battery_Conting,2025-09-10 04:00,Oahu,0,0,0
Oahu_Battery_Conting,2025-09-10 06:00,Oahu,0,0,0
Oahu_Battery_Conting,2025-09-10 08:00,Oahu,0,0,0
Oahu_Battery_Conting,2025-09-10 10:00,Oahu,0,0,0
Oahu_Battery_Conting,2025-09-10 12:00,Oahu,0,0,0
Oahu_Battery_Conting,2025-09-10 14:00,Oahu,0,0,0
Oahu_Battery_Conting,2025-09-10 16:00,Oahu,0,0,0
Oahu_Battery_Conting,2025-09-10 18:00,Oahu,0,0,0
Oahu_Battery_Conting,2025-09-10 20:00,Oahu,0,0,0
Oahu_Battery_Conting,2025-09-10 22:00,Oahu,0,0,0
Oahu_Battery_Conting,2025-09-22 00:00,Oahu,0,0,0
Oahu_Battery_Conting,2025-09-22 02:00,Oahu,0,0,0
Oahu_Battery_Conting,2025-09-22 04:00,Oahu,0,0,0
Oahu_Battery_Conting,2025-09-22 06:00,Oahu,0,0,0
Oahu_Battery_Conting,2025-09-22 08:00,Oahu,0,0,0
Oahu_Battery_Conting,2025-09-22 10:00,Oahu,0,0,0
Oahu_Battery_Conting,2025-09-22 12:00,Oahu,0,0,0
Oahu_Battery_Conting,2025-09-22 14:00,Oahu,0,0,0
Oahu_Battery_Conting,2025-09-22 16:00,Oahu,0,0,0
Oahu_Battery_Conting,2025-09-22 18:00,Oahu,0,0,0
Oahu_Battery_Conting,2025-09-22 20:00,Oahu,0,0,0
Oahu_Battery_Conting,2025-09-22 22:00,Oahu,0,0,0
Oahu_Battery_Conting,2025-10-27 00:00,Oahu,0,0,0
Oahu_Battery_Conting,2025-10-27 02:00,Oahu,0,0,0
Oahu_Battery_Conting,2025-10-27 04:00,Oahu,0,0,0
Oahu_Battery_Conting,2025-10-27 06:00,Oahu,0,0,0
Oahu_Battery_Conting,2025-10-27 08:00,Oahu,0,0,0
Oahu_Battery_Conting,2025-10-27 10:00,Oahu,0,0,0
Oahu_Battery_Conting,2025-10-27 12:00,Oahu,0,0,0
Oahu_Battery_Conting,2025-10-27 14:00,Oahu,0,0,0
Oahu_Battery_Conting,2025-10-27 16:00,Oahu,0,0,0
Oahu_Battery_Conting,2025-10-27 18:00,Oahu,0,0,0
Oahu_Battery_Conting,2025-10-27 20:00,Oahu,0,0,0
Oahu_Battery_Conting,2025-10-27 22:00,Oahu,0,0,0
Oahu_Battery_Conting,2025-11-22 00:00,Oahu,0,0,0
Oahu_Battery_Conting,2025-11-22 02:00,Oahu,0,0,0
Oahu_Battery_Conting,2025-11-22 04:00,Oahu,0,0,0
Oahu_Battery_Conting,2025-11-22 06:00,Oahu,0,0,0
Oahu_Battery_Conting,2025-11-22 08:00,Oahu,0,0,0
Oahu_Battery_Conting,2025-11-22 10:00,Oahu,0,0,0
Oahu_Battery_Conting,2025-11-22 12:00,Oahu,0,0,0
Oahu_Battery_Conting,2025-11-22 14:00,Oahu,0,0,0
Oahu_Battery_Conting,2025-11-22 16:00,Oahu,0,0,0
Oahu_Battery_Conting,2025-11-22 18:00,Oahu,0,0,0
Oahu_Battery_Conting,2025-11-22 20:00,Oahu,0,0,0
Oahu_Battery_Conting,2025-11-22 22:00,Oahu,0,0,0
Oahu_Battery_Conting,2025-12-15 00:00,Oahu,0,0,0
Oahu_Battery_Conting,2025-12-15 02:00,Oahu,0,0,0
Oahu_Battery_Conting,2025-12-15 04:00,Oahu,0,0,0
Oahu_Battery_Conting,2025-12-15 06:00,Oahu,0,0,0
Oahu_Battery_Conting,2025-12-15 08:00,Oahu,0,0,0
Oahu_Battery_Conting,2025-12-15 10:00,Oahu,0,0,0
Oahu_Battery_Conting,2025-12-15 12:00,Oahu,0,0,0
Oahu_Battery_Conting,2025-12-15 14:00,Oahu,0,0,0
Oahu_Battery_Conting,2025-12-15 16:00,Oahu,0,0,0
Oahu_Battery_Conting,2025-12-15 18:00,Oahu,0,0,0
Oahu_Battery_Conting,2025-12-15 20:00,Oahu,0,0,0
Oahu_Battery_Conting,2025-12-15 22:00,Oahu,0,0,0
Oahu_Battery_Conting,2030-01-12 00:00,Oahu,0,0,0
Oahu_Battery_Conting,2030-01-12 02:00,Oahu,0,0,0
Oahu_Battery_Conting,2030-01-12 04:00,Oahu,0,0,0
Oahu_Battery_Conting,2030-01-12 06:00,Oahu,0,0,0
Oahu_Battery_Conting,2030-01-12 08:00,Oahu,0,0,0
Oahu_Battery_Conting,2030-01-12 10:00,Oahu,0,0,0
Oahu_Battery_Conting,2030-01-12 12:00,Oahu,0,0,0
Oahu_Battery_Conting,2030-01-12 14:00,Oahu,0,0,0
Oahu_Battery_Conting,2030-01-12 16:00,Oahu,0,0,0
Oahu_Battery_Conting,2030-01-12 18:00,Oahu,0,0,0
Oahu_Battery_Conting,2030-01-12 20:00,Oahu,0,0,0
Oahu_Battery_Conting,2030-01-12 22:00,Oahu,0,0,0
Oahu_Battery_Conting,2030-01-19 00:00,Oahu,0,0,0
Oahu_Battery_Conting,2030-01-19 02:00,Oahu,0,0,0
Oahu_Battery_Conting,2030-01-19 04:00,Oahu,0,0,0
Oahu_Battery_Conting,2030-01-19 06:00,Oahu,0,0,0
Oahu_Battery_Conting,2030-01-19 08:00,Oahu,0,0,0
Oahu_Battery_Conting,2030-01-19 10:00,Oahu,0,0,0
Oahu_Battery_Conting,2030-01-19 12:00,Oahu,0,0,0
Oahu_Battery_Conting,2030-01-19 14:00,Oahu,0,0,0
Oahu_Battery_Conting,2030-01-19 16:00,Oahu,0,0,0
Oahu_Battery_Conting,2030-01-19 18:00,Oahu,0,0,0
Oahu_Battery_Conting,2030-01-19 20:00,Oahu,0,0,0
Oahu_Battery_Conting,2030-01-19 22:00,Oahu,0,0,0
Oahu_Battery_Conting,2030-02-12 00:00,Oahu,0,0,0
Oahu_Battery_Conting,2030-02-12 02:00,Oahu,0,0,0
Oahu_Battery_Conting,2030-02-12 04:00,Oahu,0,0,0
Oahu_Battery_Conting,2030-02-12 06:00,Oahu,0,0,0
Oahu_Battery_Conting,2030-02-12 08:00,Oahu,0,0,0
Oahu_Battery_Conting,2030-02-12 10:00,Oahu,0,0,0
Oahu_Battery_Conting,2030-02-12 12:00,Oahu,0,0,0
Oahu_Battery_Conting,2030-02-12 14:00,Oahu,0,0,0
Oahu_Battery_Conting,2030-02-12 16:00,Oahu,0,0,0
Oahu_Battery_Conting,2030-02-12 18:00,Oahu,0,0,0
Oahu_Battery_Conting,2030-02-12 20:00,Oahu,0,0,0
Oahu_Battery_Conting,2030-02-12 22:00,Oahu,0,0,0
Oahu_Battery_Conting,2030-02-20 00:00,Oahu,0,0,0
Oahu_Battery_Conting,2030-02-20 02:00,Oahu,0,0,0
Oahu_Battery_Conting,2030-02-20 04:00,Oahu,0,0,0
Oahu_Battery_Conting,2030-02-20 06:00,Oahu,0,0,0
Oahu_Battery_Conting,2030-02-20 08:00,Oahu,0,0,0
Oahu_Battery_Conting,2030-02-20 10:00,Oahu,0,0,0
Oahu_Battery_Conting,2030-02-20 12:00,Oahu,0,0,0
Oahu_Battery_Conting,2030-02-20 14:00,Oahu,0,0,0
Oahu_Battery_Conting,2030-02-20 16:00,Oahu,0,0,0
Oahu_Battery_Conting,2030-02-20 18:00,Oahu,0,0,0
Oahu_Battery_Conting,2030-02-20 20:00,Oahu,0,0,0
Oahu_Battery_Conting,2030-02-20 22:00,Oahu,0,0,0
Oahu_Battery_Conting,2030-04-10 00:00,Oahu,0,0,0
Oahu_Battery_Conting,2030-04-10 02:00,Oahu,0,0,0
Oahu_Battery_Conting,2030-04-10 04:00,Oahu,0,0,0
Oahu_Battery_Conting,2030-04-10 06:00,Oahu,0,0,0
Oahu_Battery_Conting,2030-04-10 08:00,Oahu,0,0,0
Oahu_Battery_Conting,2030-04-10 10:00,Oahu,0,0,0
Oahu_Battery_Conting,2030-04-10 12:00,Oahu,0,0,0
Oahu_Battery_Conting,2030-04-10 14:00,Oahu,0,0,0
Oahu_Battery_Conting,2030-04-10 16:00,Oahu,0,0,0
Oahu_Battery_Conting,2030-04-10 18:00,Oahu,0,0,0
Oahu_Battery_Conting,2030-04-10 20:00,Oahu,0,0,0
Oahu_Battery_Conting,2030-04-10 22:00,Oahu,0,0,0
Oahu_Battery_Conting,2030-05-02 00:00,Oahu,0,0,0
Oahu_Battery_Conting,2030-05-02 02:00,Oahu,0,0,0
Oahu_Battery_Conting,2030-05-02 04:00,Oahu,0,0,0
Oahu_Battery_Conting,2030-05-02 06:00,Oahu,0,0,0
Oahu_Battery_Conting,2030-05-02 08:00,Oahu,0,0,0
Oahu_Battery_Conting,2030-05-02 10:00,Oahu,0,0,0
Oahu_Battery_Conting,2030-05-02 12:00,Oahu,0,0,0
Oahu_Battery_Conting,2030-05-02 14:00,Oahu,0,0,0
Oahu_Battery_Conting,2030-05-02 16:00,Oahu,0,0,0
Oahu_Battery_Conting,2030-05-02 18:00,Oahu,0,0,0
Oahu_Battery_Conting,2030-05-02 20:00,Oahu,0,0,0
Oahu_Battery_Conting,2030-05-02 22:00,Oahu,0,0,0
Oahu_Battery_Conting,2030-06-17 00:00,Oahu,0,0,0
Oahu_Battery_Conting,2030-06-17 02:00,Oahu,0,0,0
Oahu_Battery_Conting,2030-06-17 04:00,Oahu,0,0,0
Oahu_Battery_Conting,2030-06-17 06:00,Oahu,0,0,0
Oahu_Battery_Conting,2030-06-17 08:00,Oahu,0,0,0
Oahu_Battery_Conting,2030-06-17 10:00,Oahu,0,0,0
Oahu_Battery_Conting,2030-06-17 12:00,Oahu,0,0,0
Oahu_Battery_Conting,2030-06-17 14:00,Oahu,0,0,0
Oahu_Battery_Conting,2030-06-17 16:00,Oahu,0,0,0
Oahu_Battery_Conting,2030-06-17 18:00,Oahu,0,0,0
Oahu_Battery_Conting,2030-06-17 20:00,Oahu,0,0,0
Oahu_Battery_Conting,2030-06-17 22:00,Oahu,0,0,0
Oahu_Battery_Conting,2030-08-18 00:00,Oahu,0,0,0
Oahu_Battery_Conting,2030-08-18 02:00,Oahu,0,0,0
Oahu_Battery_Conting,2030-08-18 04:00,Oahu,0,0,0
Oahu_Battery_Conting,2030-08-18 06:00,Oahu,0,0,0
Oahu_Battery_Conting,2030-08-18 08:00,Oahu,0,0,0
Oahu_Battery_Conting,2030-08-18 10:00,Oahu,0,0,0
Oahu_Battery_Conting,2030-08-18 12:00,Oahu,0,0,0
Oahu_Battery_Conting,2030-08-18 14:00,Oahu,0,0,0
Oahu_Battery_Conting,2030-08-18 16:00,Oahu,0,0,0
Oahu_Battery_Conting,2030-08-18 18:00,Oahu,0,0,0
Oahu_Battery_Conting,2030-08-18 20:00,Oahu,0,0,0
Oahu_Battery_Conting,2030-08-18 22:00,Oahu,0,0,0
Oahu_Battery_Conting,2030-09-10 00:00,Oahu,0,0,0
Oahu_Battery_Conting,2030-09-10 02:00,Oahu,0,0,0
Oahu_Battery_Conting,2030-09-10 04:00,Oahu,0,0,0
Oahu_Battery_Conting,2030-09-10 06:00,Oahu,0,0,0
Oahu_Battery_Conting,2030-09-10 08:00,Oahu,0,0,0
Oahu_Battery_Conting,2030-09-10 10:00,Oahu,0,0,0
Oahu_Battery_Conting,2030-09-10 12:00,Oahu,0,0,0
Oahu_Battery_Conting,2030-09-10 14:00,Oahu,0,0,0
Oahu_Battery_Conting,2030-09-10 16:00,Oahu,0,0,0
Oahu_Battery_Conting,2030-09-10 18:00,Oahu,0,0,0
Oahu_Battery_Conting,2030-09-10 20:00,Oahu,0,0,0
Oahu_Battery_Conting,2030-09-10 22:00,Oahu,0,0,0
Oahu_Battery_Conting,2030-09-22 00:00,Oahu,0,0,0
Oahu_Battery_Conting,2030-09-22 02:00,Oahu,0,0,0
Oahu_Battery_Conting,2030-09-22 04:00,Oahu,0,0,0
Oahu_Battery_Conting,2030-09-22 06:00,Oahu,0,0,0
Oahu_Battery_Conting,2030-09-22 08:00,Oahu,0,0,0
Oahu_Battery_Conting,2030-09-22 10:00,Oahu,0,0,0
Oahu_Battery_Conting,2030-09-22 12:00,Oahu,0,0,0
Oahu_Battery_Conting,2030-09-22 14:00,Oahu,0,0,0
Oahu_Battery_Conting,2030-09-22 16:00,Oahu,0,0,0
Oahu_Battery_Conting,2030-09-22 18:00,Oahu,0,0,0
Oahu_Battery_Conting,2030-09-22 20:00,Oahu,0,0,0
Oahu_Battery_Conting,2030-09-22 22:00,Oahu,0,0,0
Oahu_Battery_Conting,2030-10-27 00:00,Oahu,0,0,0
Oahu_Battery_Conting,2030-10-27 02:00,Oahu,0,0,0
Oahu_Battery_Conting,2030-10-27 04:00,Oahu,0,0,0
Oahu_Battery_Conting,2030-10-27 06:00,Oahu,0,0,0
Oahu_Battery_Conting,2030-10-27 08:00,Oahu,0,0,0
Oahu_Battery_Conting,2030-10-27 10:00,Oahu,0,0,0
Oahu_Battery_Conting,2030-10-27 12:00,Oahu,0,0,0
Oahu_Battery_Conting,2030-10-27 14:00,Oahu,0,0,0
Oahu_Battery_Conting,2030-10-27 16:00,Oahu,0,0,0
Oahu_Battery_Conting,2030-10-27 18:00,Oahu,0,0,0
Oahu_Battery_Conting,2030-10-27 20:00,Oahu,0,0,0
Oahu_Battery_Conting,2030-10-27 22:00,Oahu,0,0,0
Oahu_Battery_Conting,2030-11-22 00:00,Oahu,0,0,0
Oahu_Battery_Conting,2030-11-22 02:00,Oahu,0,0,0
Oahu_Battery_Conting,2030-11-22 04:00,Oahu,0,0,0
Oahu_Battery_Conting,2030-11-22 06:00,Oahu,0,0,0
Oahu_Battery_Conting,2030-11-22 08:00,Oahu,0,0,0
Oahu_Battery_Conting,2030-11-22 10:00,Oahu,0,0,0
Oahu_Battery_Conting,2030-11-22 12:00,Oahu,0,0,0
Oahu_Battery_Conting,2030-11-22 14:00,Oahu,0,0,0
Oahu_Battery_Conting,2030-11-22 16:00,Oahu,0,0,0
Oahu_Battery_Conting,2030-11-22 18:00,Oahu,0,0,0
Oahu_Battery_Conting,2030-11-22 20:00,Oahu,0,0,0
Oahu_Battery_Conting,2030-11-22 22:00,Oahu,0,0,0
Oahu_Battery_Conting,2030-12-15 00:00,Oahu,0,0,0
Oahu_Battery_Conting,2030-12-15 02:00,Oahu,0,0,0
Oahu_Battery_Conting,2030-12-15 04:00,Oahu,0,0,0
Oahu_Battery_Conting,2030-12-15 06:00,Oahu,0,0,0
Oahu_Battery_Conting,2030-12-15 08:00,Oahu,0,0,0
Oahu_Battery_Conting,2030-12-15 10:00,Oahu,0,0,0
Oahu_Battery_Conting,2030-12-15 12:00,Oahu,0,0,0
Oahu_Battery_Conting,2030-12-15 14:00,Oahu,0,0,0
Oahu_Battery_Conting,2030-12-15 16:00,Oahu,0,0,0
Oahu_Battery_Conting,2030-12-15 18:00,Oahu,0,0,0
Oahu_Battery_Conting,2030-12-15 20:00,Oahu,0,0,0
Oahu_Battery_Conting,2030-12-15 22:00,Oahu,0,0,0
Oahu_Battery_Conting,2035-01-12 00:00,Oahu,0,0,0
Oahu_Battery_Conting,2035-01-12 02:00,Oahu,0,0,0
Oahu_Battery_Conting,2035-01-12 04:00,Oahu,0,0,0
Oahu_Battery_Conting,2035-01-12 06:00,Oahu,0,0,0
Oahu_Battery_Conting,2035-01-12 08:00,Oahu,0,0,0
Oahu_Battery_Conting,2035-01-12 10:00,Oahu,0,0,0
Oahu_Battery_Conting,2035-01-12 12:00,Oahu,0,0,0
Oahu_Battery_Conting,2035-01-12 14:00,Oahu,0,0,0
Oahu_Battery_Conting,2035-01-12 16:00,Oahu,0,0,0
Oahu_Battery_Conting,2035-01-12 18:00,Oahu,0,0,0
Oahu_Battery_Conting,2035-01-12 20:00,Oahu,0,0,0
Oahu_Battery_Conting,2035-01-12 22:00,Oahu,0,0,0
Oahu_Battery_Conting,2035-01-19 00:00,Oahu,0,0,0
Oahu_Battery_Conting,2035-01-19 02:00,Oahu,0,0,0
Oahu_Battery_Conting,2035-01-19 04:00,Oahu,0,0,0
Oahu_Battery_Conting,2035-01-19 06:00,Oahu,0,0,0
Oahu_Battery_Conting,2035-01-19 08:00,Oahu,0,0,0
Oahu_Battery_Conting,2035-01-19 10:00,Oahu,0,0,0
Oahu_Battery_Conting,2035-01-19 12:00,Oahu,0,0,0
Oahu_Battery_Conting,2035-01-19 14:00,Oahu,0,0,0
Oahu_Battery_Conting,2035-01-19 16:00,Oahu,0,0,0
Oahu_Battery_Conting,2035-01-19 18:00,Oahu,0,0,0
Oahu_Battery_Conting,2035-01-19 20:00,Oahu,0,0,0
Oahu_Battery_Conting,2035-01-19 22:00,Oahu,0,0,0
Oahu_Battery_Conting,2035-02-12 00:00,Oahu,0,0,0
Oahu_Battery_Conting,2035-02-12 02:00,Oahu,0,0,0
Oahu_Battery_Conting,2035-02-12 04:00,Oahu,0,0,0
Oahu_Battery_Conting,2035-02-12 06:00,Oahu,0,0,0
Oahu_Battery_Conting,2035-02-12 08:00,Oahu,0,0,0
Oahu_Battery_Conting,2035-02-12 10:00,Oahu,0,0,0
Oahu_Battery_Conting,2035-02-12 12:00,Oahu,0,0,0
Oahu_Battery_Conting,2035-02-12 14:00,Oahu,0,0,0
Oahu_Battery_Conting,2035-02-12 16:00,Oahu,0,0,0
Oahu_Battery_Conting,2035-02-12 18:00,Oahu,0,0,0
Oahu_Battery_Conting,2035-02-12 20:00,Oahu,0,0,0
Oahu_Battery_Conting,2035-02-12 22:00,Oahu,0,0,0
Oahu_Battery_Conting,2035-02-20 00:00,Oahu,0,0,0
Oahu_Battery_Conting,2035-02-20 02:00,Oahu,0,0,0
Oahu_Battery_Conting,2035-02-20 04:00,Oahu,0,0,0
Oahu_Battery_Conting,2035-02-20 06:00,Oahu,0,0,0
Oahu_Battery_Conting,2035-02-20 08:00,Oahu,0,0,0
Oahu_Battery_Conting,2035-02-20 10:00,Oahu,0,0,0
Oahu_Battery_Conting,2035-02-20 12:00,Oahu,0,0,0
Oahu_Battery_Conting,2035-02-20 14:00,Oahu,0,0,0
Oahu_Battery_Conting,2035-02-20 16:00,Oahu,0,0,0
Oahu_Battery_Conting,2035-02-20 18:00,Oahu,0,0,0
Oahu_Battery_Conting,2035-02-20 20:00,Oahu,0,0,0
Oahu_Battery_Conting,2035-02-20 22:00,Oahu,0,0,0
Oahu_Battery_Conting,2035-04-10 00:00,Oahu,0,0,0
Oahu_Battery_Conting,2035-04-10 02:00,Oahu,0,0,0
Oahu_Battery_Conting,2035-04-10 04:00,Oahu,0,0,0
Oahu_Battery_Conting,2035-04-10 06:00,Oahu,0,0,0
Oahu_Battery_Conting,2035-04-10 08:00,Oahu,0,0,0
Oahu_Battery_Conting,2035-04-10 10:00,Oahu,0,0,0
Oahu_Battery_Conting,2035-04-10 12:00,Oahu,0,0,0
Oahu_Battery_Conting,2035-04-10 14:00,Oahu,0,0,0
Oahu_Battery_Conting,2035-04-10 16:00,Oahu,0,0,0
Oahu_Battery_Conting,2035-04-10 18:00,Oahu,0,0,0
Oahu_Battery_Conting,2035-04-10 20:00,Oahu,0,0,0
Oahu_Battery_Conting,2035-04-10 22:00,Oahu,0,0,0
Oahu_Battery_Conting,2035-05-02 00:00,Oahu,0,0,0
Oahu_Battery_Conting,2035-05-02 02:00,Oahu,0,0,0
Oahu_Battery_Conting,2035-05-02 04:00,Oahu,0,0,0
Oahu_Battery_Conting,2035-05-02 06:00,Oahu,0,0,0
Oahu_Battery_Conting,2035-05-02 08:00,Oahu,0,0,0
Oahu_Battery_Conting,2035-05-02 10:00,Oahu,0,0,0
Oahu_Battery_Conting,2035-05-02 12:00,Oahu,0,0,0
Oahu_Battery_Conting,2035-05-02 14:00,Oahu,0,0,0
Oahu_Battery_Conting,2035-05-02 16:00,Oahu,0,0,0
Oahu_Battery_Conting,2035-05-02 18:00,Oahu,0,0,0
Oahu_Battery_Conting,2035-05-02 20:00,Oahu,0,0,0
Oahu_Battery_Conting,2035-05-02 22:00,Oahu,0,0,0
Oahu_Battery_Conting,2035-06-17 00:00,Oahu,0,0,0
Oahu_Battery_Conting,2035-06-17 02:00,Oahu,0,0,0
Oahu_Battery_Conting,2035-06-17 04:00,Oahu,0,0,0
Oahu_Battery_Conting,2035-06-17 06:00,Oahu,0,0,0
Oahu_Battery_Conting,2035-06-17 08:00,Oahu,0,0,0
Oahu_Battery_Conting,2035-06-17 10:00,Oahu,0,0,0
Oahu_Battery_Conting,2035-06-17 12:00,Oahu,0,0,0
Oahu_Battery_Conting,2035-06-17 14:00,Oahu,0,0,0
Oahu_Battery_Conting,2035-06-17 16:00,Oahu,0,0,0
Oahu_Battery_Conting,2035-06-17 18:00,Oahu,0,0,0
Oahu_Battery_Conting,2035-06-17 20:00,Oahu,0,0,0
Oahu_Battery_Conting,2035-06-17 22:00,Oahu,0,0,0
Oahu_Battery_Conting,2035-08-18 00:00,Oahu,0,0,0
Oahu_Battery_Conting,2035-08-18 02:00,Oahu,0,0,0
Oahu_Battery_Conting,2035-08-18 04:00,Oahu,0,0,0
Oahu_Battery_Conting,2035-08-18 06:00,Oahu,0,0,0
Oahu_Battery_Conting,2035-08-18 08:00,Oahu,0,0,0
Oahu_Battery_Conting,2035-08-18 10:00,Oahu,0,0,0
Oahu_Battery_Conting,2035-08-18 12:00,Oahu,0,0,0
Oahu_Battery_Conting,2035-08-18 14:00,Oahu,0,0,0
Oahu_Battery_Conting,2035-08-18 16:00,Oahu,0,0,0
Oahu_Battery_Conting,2035-08-18 18:00,Oahu,0,0,0
Oahu_Battery_Conting,2035-08-18 20:00,Oahu,0,0,0
Oahu_Battery_Conting,2035-08-18 22:00,Oahu,0,0,0
Oahu_Battery_Conting,2035-09-10 00:00,Oahu,0,0,0
Oahu_Battery_Conting,2035-09-10 02:00,Oahu,0,0,0
Oahu_Battery_Conting,2035-09-10 04:00,Oahu,0,0,0
Oahu_Battery_Conting,2035-09-10 06:00,Oahu,0,0,0
Oahu_Battery_Conting,2035-09-10 08:00,Oahu,0,0,0
Oahu_Battery_Conting,2035-09-10 10:00,Oahu,0,0,0
Oahu_Battery_Conting,2035-09-10 12:00,Oahu,0,0,0
Oahu_Battery_Conting,2035-09-10 14:00,Oahu,0,0,0
Oahu_Battery_Conting,2035-09-10 16:00,Oahu,0,0,0
Oahu_Battery_Conting,2035-09-10 18:00,Oahu,0,0,0
Oahu_Battery_Conting,2035-09-10 20:00,Oahu,0,0,0
Oahu_Battery_Conting,2035-09-10 22:00,Oahu,0,0,0
Oahu_Battery_Conting,2035-09-22 00:00,Oahu,0,0,0
Oahu_Battery_Conting,2035-09-22 02:00,Oahu,0,0,0
Oahu_Battery_Conting,2035-09-22 04:00,Oahu,0,0,0
Oahu_Battery_Conting,2035-09-22 06:00,Oahu,0,0,0
Oahu_Battery_Conting,2035-09-22 08:00,Oahu,0,0,0
Oahu_Battery_Conting,2035-09-22 10:00,Oahu,0,0,0
Oahu_Battery_Conting,2035-09-22 12:00,Oahu,0,0,0
Oahu_Battery_Conting,2035-09-22 14:00,Oahu,0,0,0
Oahu_Battery_Conting,2035-09-22 16:00,Oahu,0,0,0
Oahu_Battery_Conting,2035-09-22 18:00,Oahu,0,0,0
Oahu_Battery_Conting,2035-09-22 20:00,Oahu,0,0,0
Oahu_Battery_Conting,2035-09-22 22:00,Oahu,0,0,0
Oahu_Battery_Conting,2035-10-27 00:00,Oahu,0,0,0
Oahu_Battery_Conting,2035-10-27 02:00,Oahu,0,0,0
Oahu_Battery_Conting,2035-10-27 04:00,Oahu,0,0,0
Oahu_Battery_Conting,2035-10-27 06:00,Oahu,0,0,0
Oahu_Battery_Conting,2035-10-27 08:00,Oahu,0,0,0
Oahu_Battery_Conting,2035-10-27 10:00,Oahu,0,0,0
Oahu_Battery_Conting,2035-10-27 12:00,Oahu,0,0,0
Oahu_Battery_Conting,2035-10-27 14:00,Oahu,0,0,0
Oahu_Battery_Conting,2035-10-27 16:00,Oahu,0,0,0
Oahu_Battery_Conting,2035-10-27 18:00,Oahu,0,0,0
Oahu_Battery_Conting,2035-10-27 20:00,Oahu,0,0,0
Oahu_Battery_Conting,2035-10-27 22:00,Oahu,0,0,0
Oahu_Battery_Conting,2035-11-22 00:00,Oahu,0,0,0
Oahu_Battery_Conting,2035-11-22 02:00,Oahu,0,0,0
Oahu_Battery_Conting,2035-11-22 04:00,Oahu,0,0,0
Oahu_Battery_Conting,2035-11-22 06:00,Oahu,0,0,0
Oahu_Battery_Conting,2035-11-22 08:00,Oahu,0,0,0
Oahu_Battery_Conting,2035-11-22 10:00,Oahu,0,0,0
Oahu_Battery_Conting,2035-11-22 12:00,Oahu,0,0,0
Oahu_Battery_Conting,2035-11-22 14:00,Oahu,0,0,0
Oahu_Battery_Conting,2035-11-22 16:00,Oahu,0,0,0
Oahu_Battery_Conting,2035-11-22 18:00,Oahu,0,0,0
Oahu_Battery_Conting,2035-11-22 20:00,Oahu,0,0,0
Oahu_Battery_Conting,2035-11-22 22:00,Oahu,0,0,0
Oahu_Battery_Conting,2035-12-15 00:00,Oahu,0,0,0
Oahu_Battery_Conting,2035-12-15 02:00,Oahu,0,0,0
Oahu_Battery_Conting,2035-12-15 04:00,Oahu,0,0,0
Oahu_Battery_Conting,2035-12-15 06:00,Oahu,0,0,0
Oahu_Battery_Conting,2035-12-15 08:00,Oahu,0,0,0
Oahu_Battery_Conting,2035-12-15 10:00,Oahu,0,0,0
Oahu_Battery_Conting,2035-12-15 12:00,Oahu,0,0,0
Oahu_Battery_Conting,2035-12-15 14:00,Oahu,0,0,0
Oahu_Battery_Conting,2035-12-15 16:00,Oahu,0,0,0
Oahu_Battery_Conting,2035-12-15 18:00,Oahu,0,0,0
Oahu_Battery_Conting,2035-12-15 20:00,Oahu,0,0,0
Oahu_Battery_Conting,2035-12-15 22:00,Oahu,0,0,0
Oahu_Battery_Conting,2040-01-12 00:00,Oahu,0,0,0
Oahu_Battery_Conting,2040-01-12 02:00,Oahu,0,0,0
Oahu_Battery_Conting,2040-01-12 04:00,Oahu,0,0,0
Oahu_Battery_Conting,2040-01-12 06:00,Oahu,0,0,0
Oahu_Battery_Conting,2040-01-12 08:00,Oahu,0,0,0
Oahu_Battery_Conting,2040-01-12 10:00,Oahu,0,0,0
Oahu_Battery_Conting,2040-01-12 12:00,Oahu,0,0,0
Oahu_Battery_Conting,2040-01-12 14:00,Oahu,0,0,0
Oahu_Battery_Conting,2040-01-12 16:00,Oahu,0,0,0
Oahu_Battery_Conting,2040-01-12 18:00,Oahu,0,0,0
Oahu_Battery_Conting,2040-01-12 20:00,Oahu,0,0,0
Oahu_Battery_Conting,2040-01-12 22:00,Oahu,0,0,0
Oahu_Battery_Conting,2040-01-19 00:00,Oahu,0,0,0
Oahu_Battery_Conting,2040-01-19 02:00,Oahu,0,0,0
Oahu_Battery_Conting,2040-01-19 04:00,Oahu,0,0,0
Oahu_Battery_Conting,2040-01-19 06:00,Oahu,0,0,0
Oahu_Battery_Conting,2040-01-19 08:00,Oahu,0,0,0
Oahu_Battery_Conting,2040-01-19 10:00,Oahu,0,0,0
Oahu_Battery_Conting,2040-01-19 12:00,Oahu,0,0,0
Oahu_Battery_Conting,2040-01-19 14:00,Oahu,0,0,0
Oahu_Battery_Conting,2040-01-19 16:00,Oahu,0,0,0
Oahu_Battery_Conting,2040-01-19 18:00,Oahu,0,0,0
Oahu_Battery_Conting,2040-01-19 20:00,Oahu,0,0,0
Oahu_Battery_Conting,2040-01-19 22:00,Oahu,0,0,0
Oahu_Battery_Conting,2040-02-12 00:00,Oahu,0,0,0
Oahu_Battery_Conting,2040-02-12 02:00,Oahu,0,0,0
Oahu_Battery_Conting,2040-02-12 04:00,Oahu,0,0,0
Oahu_Battery_Conting,2040-02-12 06:00,Oahu,0,0,0
Oahu_Battery_Conting,2040-02-12 08:00,Oahu,0,0,0
Oahu_Battery_Conting,2040-02-12 10:00,Oahu,0,0,0
Oahu_Battery_Conting,2040-02-12 12:00,Oahu,0,0,0
Oahu_Battery_Conting,2040-02-12 14:00,Oahu,0,0,0
Oahu_Battery_Conting,2040-02-12 16:00,Oahu,0,0,0
Oahu_Battery_Conting,2040-02-12 18:00,Oahu,0,0,0
Oahu_Battery_Conting,2040-02-12 20:00,Oahu,0,0,0
Oahu_Battery_Conting,2040-02-12 22:00,Oahu,0,0,0
Oahu_Battery_Conting,2040-02-20 00:00,Oahu,0,0,0
Oahu_Battery_Conting,2040-02-20 02:00,Oahu,0,0,0
Oahu_Battery_Conting,2040-02-20 04:00,Oahu,0,0,0
Oahu_Battery_Conting,2040-02-20 06:00,Oahu,0,0,0
Oahu_Battery_Conting,2040-02-20 08:00,Oahu,0,0,0
Oahu_Battery_Conting,2040-02-20 10:00,Oahu,0,0,0
Oahu_Battery_Conting,2040-02-20 12:00,Oahu,0,0,0
Oahu_Battery_Conting,2040-02-20 14:00,Oahu,0,0,0
Oahu_Battery_Conting,2040-02-20 16:00,Oahu,0,0,0
Oahu_Battery_Conting,2040-02-20 18:00,Oahu,0,0,0
Oahu_Battery_Conting,2040-02-20 20:00,Oahu,0,0,0
Oahu_Battery_Conting,2040-02-20 22:00,Oahu,0,0,0
Oahu_Battery_Conting,2040-04-10 00:00,Oahu,0,0,0
Oahu_Battery_Conting,2040-04-10 02:00,Oahu,0,0,0
Oahu_Battery_Conting,2040-04-10 04:00,Oahu,0,0,0
Oahu_Battery_Conting,2040-04-10 06:00,Oahu,0,0,0
Oahu_Battery_Conting,2040-04-10 08:00,Oahu,0,0,0
Oahu_Battery_Conting,2040-04-10 10:00,Oahu,0,0,0
Oahu_Battery_Conting,2040-04-10 12:00,Oahu,0,0,0
Oahu_Battery_Conting,2040-04-10 14:00,Oahu,0,0,0
Oahu_Battery_Conting,2040-04-10 16:00,Oahu,0,0,0
Oahu_Battery_Conting,2040-04-10 18:00,Oahu,0,0,0
Oahu_Battery_Conting,2040-04-10 20:00,Oahu,0,0,0
Oahu_Battery_Conting,2040-04-10 22:00,Oahu,0,0,0
Oahu_Battery_Conting,2040-05-02 00:00,Oahu,0,0,0
Oahu_Battery_Conting,2040-05-02 02:00,Oahu,0,0,0
Oahu_Battery_Conting,2040-05-02 04:00,Oahu,0,0,0
Oahu_Battery_Conting,2040-05-02 06:00,Oahu,0,0,0
Oahu_Battery_Conting,2040-05-02 08:00,Oahu,0,0,0
Oahu_Battery_Conting,2040-05-02 10:00,Oahu,0,0,0
Oahu_Battery_Conting,2040-05-02 12:00,Oahu,0,0,0
Oahu_Battery_Conting,2040-05-02 14:00,Oahu,0,0,0
Oahu_Battery_Conting,2040-05-02 16:00,Oahu,0,0,0
Oahu_Battery_Conting,2040-05-02 18:00,Oahu,0,0,0
Oahu_Battery_Conting,2040-05-02 20:00,Oahu,0,0,0
Oahu_Battery_Conting,2040-05-02 22:00,Oahu,0,0,0
Oahu_Battery_Conting,2040-06-17 00:00,Oahu,0,0,0
Oahu_Battery_Conting,2040-06-17 02:00,Oahu,0,0,0
Oahu_Battery_Conting,2040-06-17 04:00,Oahu,0,0,0
Oahu_Battery_Conting,2040-06-17 06:00,Oahu,0,0,0
Oahu_Battery_Conting,2040-06-17 08:00,Oahu,0,0,0
Oahu_Battery_Conting,2040-06-17 10:00,Oahu,0,0,0
Oahu_Battery_Conting,2040-06-17 12:00,Oahu,0,0,0
Oahu_Battery_Conting,2040-06-17 14:00,Oahu,0,0,0
Oahu_Battery_Conting,2040-06-17 16:00,Oahu,0,0,0
Oahu_Battery_Conting,2040-06-17 18:00,Oahu,0,0,0
Oahu_Battery_Conting,2040-06-17 20:00,Oahu,0,0,0
Oahu_Battery_Conting,2040-06-17 22:00,Oahu,0,0,0
Oahu_Battery_Conting,2040-08-18 00:00,Oahu,0,0,0
Oahu_Battery_Conting,2040-08-18 02:00,Oahu,0,0,0
Oahu_Battery_Conting,2040-08-18 04:00,Oahu,0,0,0
Oahu_Battery_Conting,2040-08-18 06:00,Oahu,0,0,0
Oahu_Battery_Conting,2040-08-18 08:00,Oahu,0,0,0
Oahu_Battery_Conting,2040-08-18 10:00,Oahu,0,0,0
Oahu_Battery_Conting,2040-08-18 12:00,Oahu,0,0,0
Oahu_Battery_Conting,2040-08-18 14:00,Oahu,0,0,0
Oahu_Battery_Conting,2040-08-18 16:00,Oahu,0,0,0
Oahu_Battery_Conting,2040-08-18 18:00,Oahu,0,0,0
Oahu_Battery_Conting,2040-08-18 20:00,Oahu,0,0,0
Oahu_Battery_Conting,2040-08-18 22:00,Oahu,0,0,0
Oahu_Battery_Conting,2040-09-10 00:00,Oahu,0,0,0
Oahu_Battery_Conting,2040-09-10 02:00,Oahu,0,0,0
Oahu_Battery_Conting,2040-09-10 04:00,Oahu,0,0,0
Oahu_Battery_Conting,2040-09-10 06:00,Oahu,0,0,0
Oahu_Battery_Conting,2040-09-10 08:00,Oahu,0,0,0
Oahu_Battery_Conting,2040-09-10 10:00,Oahu,0,0,0
Oahu_Battery_Conting,2040-09-10 12:00,Oahu,0,0,0
Oahu_Battery_Conting,2040-09-10 14:00,Oahu,0,0,0
Oahu_Battery_Conting,2040-09-10 16:00,Oahu,0,0,0
Oahu_Battery_Conting,2040-09-10 18:00,Oahu,0,0,0
Oahu_Battery_Conting,2040-09-10 20:00,Oahu,0,0,0
Oahu_Battery_Conting,2040-09-10 22:00,Oahu,0,0,0
Oahu_Battery_Conting,2040-09-22 00:00,Oahu,0,0,0
Oahu_Battery_Conting,2040-09-22 02:00,Oahu,0,0,0
Oahu_Battery_Conting,2040-09-22 04:00,Oahu,0,0,0
Oahu_Battery_Conting,2040-09-22 06:00,Oahu,0,0,0
Oahu_Battery_Conting,2040-09-22 08:00,Oahu,0,0,0
Oahu_Battery_Conting,2040-09-22 10:00,Oahu,0,0,0
Oahu_Battery_Conting,2040-09-22 12:00,Oahu,0,0,0
Oahu_Battery_Conting,2040-09-22 14:00,Oahu,0,0,0
Oahu_Battery_Conting,2040-09-22 16:00,Oahu,0,0,0
Oahu_Battery_Conting,2040-09-22 18:00,Oahu,0,0,0
Oahu_Battery_Conting,2040-09-22 20:00,Oahu,0,0,0
Oahu_Battery_Conting,2040-09-22 22:00,Oahu,0,0,0
Oahu_Battery_Conting,2040-10-27 00:00,Oahu,0,0,0
Oahu_Battery_Conting,2040-10-27 02:00,Oahu,0,0,0
Oahu_Battery_Conting,2040-10-27 04:00,Oahu,0,0,0
Oahu_Battery_Conting,2040-10-27 06:00,Oahu,0,0,0
Oahu_Battery_Conting,2040-10-27 08:00,Oahu,0,0,0
Oahu_Battery_Conting,2040-10-27 10:00,Oahu,0,0,0
Oahu_Battery_Conting,2040-10-27 12:00,Oahu,0,0,0
Oahu_Battery_Conting,2040-10-27 14:00,Oahu,0,0,0
Oahu_Battery_Conting,2040-10-27 16:00,Oahu,0,0,0
Oahu_Battery_Conting,2040-10-27 18:00,Oahu,0,0,0
Oahu_Battery_Conting,2040-10-27 20:00,Oahu,0,0,0
Oahu_Battery_Conting,2040-10-27 22:00,Oahu,0,0,0
Oahu_Battery_Conting,2040-11-22 00:00,Oahu,0,0,0
Oahu_Battery_Conting,2040-11-22 02:00,Oahu,0,0,0
Oahu_Battery_Conting,2040-11-22 04:00,Oahu,0,0,0
Oahu_Battery_Conting,2040-11-22 06:00,Oahu,0,0,0
Oahu_Battery_Conting,2040-11-22 08:00,Oahu,0,0,0
Oahu_Battery_Conting,2040-11-22 10:00,Oahu,0,0,0
Oahu_Battery_Conting,2040-11-22 12:00,Oahu,0,0,0
Oahu_Battery_Conting,2040-11-22 14:00,Oahu,0,0,0
Oahu_Battery_Conting,2040-11-22 16:00,Oahu,0,0,0
Oahu_Battery_Conting,2040-11-22 18:00,Oahu,0,0,0
Oahu_Battery_Conting,2040-11-22 20:00,Oahu,0,0,0
Oahu_Battery_Conting,2040-11-22 22:00,Oahu,0,0,0
Oahu_Battery_Conting,2040-12-15 00:00,Oahu,0,0,0
Oahu_Battery_Conting,2040-12-15 02:00,Oahu,0,0,0
Oahu_Battery_Conting,2040-12-15 04:00,Oahu,0,0,0
Oahu_Battery_Conting,2040-12-15 06:00,Oahu,0,0,0
Oahu_Battery_Conting,2040-12-15 08:00,Oahu,0,0,0
Oahu_Battery_Conting,2040-12-15 10:00,Oahu,0,0,0
Oahu_Battery_Conting,2040-12-15 12:00,Oahu,0,0,0
Oahu_Battery_Conting,2040-12-15 14:00,Oahu,0,0,0
Oahu_Battery_Conting,2040-12-15 16:00,Oahu,0,0,0
Oahu_Battery_Conting,2040-12-15 18:00,Oahu,0,0,0
Oahu_Battery_Conting,2040-12-15 20:00,Oahu,0,0,0
Oahu_Battery_Conting,2040-12-15 22:00,Oahu,0,0,0
Oahu_Battery_Conting,2045-01-12 00:00,Oahu,0,0,0
Oahu_Battery_Conting,2045-01-12 02:00,Oahu,0,0,0
Oahu_Battery_Conting,2045-01-12 04:00,Oahu,0,0,0
Oahu_Battery_Conting,2045-01-12 06:00,Oahu,0,0,0
Oahu_Battery_Conting,2045-01-12 08:00,Oahu,0,0,0
Oahu_Battery_Conting,2045-01-12 10:00,Oahu,0,0,0
Oahu_Battery_Conting,2045-01-12 12:00,Oahu,0,0,0
Oahu_Battery_Conting,2045-01-12 14:00,Oahu,0,0,0
Oahu_Battery_Conting,2045-01-12 16:00,Oahu,0,0,0
Oahu_Battery_Conting,2045-01-12 18:00,Oahu,0,0,0
Oahu_Battery_Conting,2045-01-12 20:00,Oahu,0,0,0
Oahu_Battery_Conting,2045-01-12 22:00,Oahu,0,0,0
Oahu_Battery_Conting,2045-01-19 00:00,Oahu,0,0,0
Oahu_Battery_Conting,2045-01-19 02:00,Oahu,0,0,0
Oahu_Battery_Conting,2045-01-19 04:00,Oahu,0,0,0
Oahu_Battery_Conting,2045-01-19 06:00,Oahu,0,0,0
Oahu_Battery_Conting,2045-01-19 08:00,Oahu,0,0,0
Oahu_Battery_Conting,2045-01-19 10:00,Oahu,0,0,0
Oahu_Battery_Conting,2045-01-19 12:00,Oahu,0,0,0
Oahu_Battery_Conting,2045-01-19 14:00,Oahu,0,0,0
Oahu_Battery_Conting,2045-01-19 16:00,Oahu,0,0,0
Oahu_Battery_Conting,2045-01-19 18:00,Oahu,0,0,0
Oahu_Battery_Conting,2045-01-19 20:00,Oahu,0,0,0
Oahu_Battery_Conting,2045-01-19 22:00,Oahu,0,0,0
Oahu_Battery_Conting,2045-02-12 00:00,Oahu,0,0,0
Oahu_Battery_Conting,2045-02-12 02:00,Oahu,0,0,0
Oahu_Battery_Conting,2045-02-12 04:00,Oahu,0,0,0
Oahu_Battery_Conting,2045-02-12 06:00,Oahu,0,0,0
Oahu_Battery_Conting,2045-02-12 08:00,Oahu,0,0,0
Oahu_Battery_Conting,2045-02-12 10:00,Oahu,0,0,0
Oahu_Battery_Conting,2045-02-12 12:00,Oahu,0,0,0
Oahu_Battery_Conting,2045-02-12 14:00,Oahu,0,0,0
Oahu_Battery_Conting,2045-02-12 16:00,Oahu,0,0,0
Oahu_Battery_Conting,2045-02-12 18:00,Oahu,0,0,0
Oahu_Battery_Conting,2045-02-12 20:00,Oahu,0,0,0
Oahu_Battery_Conting,2045-02-12 22:00,Oahu,0,0,0
Oahu_Battery_Conting,2045-02-20 00:00,Oahu,0,0,0
Oahu_Battery_Conting,2045-02-20 02:00,Oahu,0,0,0
Oahu_Battery_Conting,2045-02-20 04:00,Oahu,0,0,0
Oahu_Battery_Conting,2045-02-20 06:00,Oahu,0,0,0
Oahu_Battery_Conting,2045-02-20 08:00,Oahu,0,0,0
Oahu_Battery_Conting,2045-02-20 10:00,Oahu,0,0,0
Oahu_Battery_Conting,2045-02-20 12:00,Oahu,0,0,0
Oahu_Battery_Conting,2045-02-20 14:00,Oahu,0,0,0
Oahu_Battery_Conting,2045-02-20 16:00,Oahu,0,0,0
Oahu_Battery_Conting,2045-02-20 18:00,Oahu,0,0,0
Oahu_Battery_Conting,2045-02-20 20:00,Oahu,0,0,0
Oahu_Battery_Conting,2045-02-20 22:00,Oahu,0,0,0
Oahu_Battery_Conting,2045-04-10 00:00,Oahu,0,0,0
Oahu_Battery_Conting,2045-04-10 02:00,Oahu,0,0,0
Oahu_Battery_Conting,2045-04-10 04:00,Oahu,0,0,0
Oahu_Battery_Conting,2045-04-10 06:00,Oahu,0,0,0
Oahu_Battery_Conting,2045-04-10 08:00,Oahu,0,0,0
Oahu_Battery_Conting,2045-04-10 10:00,Oahu,0,0,0
Oahu_Battery_Conting,2045-04-10 12:00,Oahu,0,0,0
Oahu_Battery_Conting,2045-04-10 14:00,Oahu,0,0,0
Oahu_Battery_Conting,2045-04-10 16:00,Oahu,0,0,0
Oahu_Battery_Conting,2045-04-10 18:00,Oahu,0,0,0
Oahu_Battery_Conting,2045-04-10 20:00,Oahu,0,0,0
Oahu_Battery_Conting,2045-04-10 22:00,Oahu,0,0,0
Oahu_Battery_Conting,2045-05-02 00:00,Oahu,0,0,0
Oahu_Battery_Conting,2045-05-02 02:00,Oahu,0,0,0
Oahu_Battery_Conting,2045-05-02 04:00,Oahu,0,0,0
Oahu_Battery_Conting,2045-05-02 06:00,Oahu,0,0,0
Oahu_Battery_Conting,2045-05-02 08:00,Oahu,0,0,0
Oahu_Battery_Conting,2045-05-02 10:00,Oahu,0,0,0
Oahu_Battery_Conting,2045-05-02 12:00,Oahu,0,0,0
Oahu_Battery_Conting,2045-05-02 14:00,Oahu,0,0,0
Oahu_Battery_Conting,2045-05-02 16:00,Oahu,0,0,0
Oahu_Battery_Conting,2045-05-02 18:00,Oahu,0,0,0
Oahu_Battery_Conting,2045-05-02 20:00,Oahu,0,0,0
Oahu_Battery_Conting,2045-05-02 22:00,Oahu,0,0,0
Oahu_Battery_Conting,2045-06-17 00:00,Oahu,0,0,0
Oahu_Battery_Conting,2045-06-17 02:00,Oahu,0,0,0
Oahu_Battery_Conting,2045-06-17 04:00,Oahu,0,0,0
Oahu_Battery_Conting,2045-06-17 06:00,Oahu,0,0,0
Oahu_Battery_Conting,2045-06-17 08:00,Oahu,0,0,0
Oahu_Battery_Conting,2045-06-17 10:00,Oahu,0,0,0
Oahu_Battery_Conting,2045-06-17 12:00,Oahu,0,0,0
Oahu_Battery_Conting,2045-06-17 14:00,Oahu,0,0,0
Oahu_Battery_Conting,2045-06-17 16:00,Oahu,0,0,0
Oahu_Battery_Conting,2045-06-17 18:00,Oahu,0,0,0
Oahu_Battery_Conting,2045-06-17 20:00,Oahu,0,0,0
Oahu_Battery_Conting,2045-06-17 22:00,Oahu,0,0,0
Oahu_Battery_Conting,2045-08-18 00:00,Oahu,0,0,0
Oahu_Battery_Conting,2045-08-18 02:00,Oahu,0,0,0
Oahu_Battery_Conting,2045-08-18 04:00,Oahu,0,0,0
Oahu_Battery_Conting,2045-08-18 06:00,Oahu,0,0,0
Oahu_Battery_Conting,2045-08-18 08:00,Oahu,0,0,0
Oahu_Battery_Conting,2045-08-18 10:00,Oahu,0,0,0
Oahu_Battery_Conting,2045-08-18 12:00,Oahu,0,0,0
Oahu_Battery_Conting,2045-08-18 14:00,Oahu,0,0,0
Oahu_Battery_Conting,2045-08-18 16:00,Oahu,0,0,0
Oahu_Battery_Conting,2045-08-18 18:00,Oahu,0,0,0
Oahu_Battery_Conting,2045-08-18 20:00,Oahu,0,0,0
Oahu_Battery_Conting,2045-08-18 22:00,Oahu,0,0,0
Oahu_Battery_Conting,2045-09-10 00:00,Oahu,0,0,0
Oahu_Battery_Conting,2045-09-10 02:00,Oahu,0,0,0
Oahu_Battery_Conting,2045-09-10 04:00,Oahu,0,0,0
Oahu_Battery_Conting,2045-09-10 06:00,Oahu,0,0,0
Oahu_Battery_Conting,2045-09-10 08:00,Oahu,0,0,0
Oahu_Battery_Conting,2045-09-10 10:00,Oahu,0,0,0
Oahu_Battery_Conting,2045-09-10 12:00,Oahu,0,0,0
Oahu_Battery_Conting,2045-09-10 14:00,Oahu,0,0,0
Oahu_Battery_Conting,2045-09-10 16:00,Oahu,0,0,0
Oahu_Battery_Conting,2045-09-10 18:00,Oahu,0,0,0
Oahu_Battery_Conting,2045-09-10 20:00,Oahu,0,0,0
Oahu_Battery_Conting,2045-09-10 22:00,Oahu,0,0,0
Oahu_Battery_Conting,2045-09-22 00:00,Oahu,0,0,0
Oahu_Battery_Conting,2045-09-22 02:00,Oahu,0,0,0
Oahu_Battery_Conting,2045-09-22 04:00,Oahu,0,0,0
Oahu_Battery_Conting,2045-09-22 06:00,Oahu,0,0,0
Oahu_Battery_Conting,2045-09-22 08:00,Oahu,0,0,0
Oahu_Battery_Conting,2045-09-22 10:00,Oahu,0,0,0
Oahu_Battery_Conting,2045-09-22 12:00,Oahu,0,0,0
Oahu_Battery_Conting,2045-09-22 14:00,Oahu,0,0,0
Oahu_Battery_Conting,2045-09-22 16:00,Oahu,0,0,0
Oahu_Battery_Conting,2045-09-22 18:00,Oahu,0,0,0
Oahu_Battery_Conting,2045-09-22 20:00,Oahu,0,0,0
Oahu_Battery_Conting,2045-09-22 22:00,Oahu,0,0,0
Oahu_Battery_Conting,2045-10-27 00:00,Oahu,0,0,0
Oahu_Battery_Conting,2045-10-27 02:00,Oahu,0,0,0
Oahu_Battery_Conting,2045-10-27 04:00,Oahu,0,0,0
Oahu_Battery_Conting,2045-10-27 06:00,Oahu,0,0,0
Oahu_Battery_Conting,2045-10-27 08:00,Oahu,0,0,0
Oahu_Battery_Conting,2045-10-27 10:00,Oahu,0,0,0
Oahu_Battery_Conting,2045-10-27 12:00,Oahu,0,0,0
Oahu_Battery_Conting,2045-10-27 14:00,Oahu,0,0,0
Oahu_Battery_Conting,2045-10-27 16:00,Oahu,0,0,0
Oahu_Battery_Conting,2045-10-27 18:00,Oahu,0,0,0
Oahu_Battery_Conting,2045-10-27 20:00,Oahu,0,0,0
Oahu_Battery_Conting,2045-10-27 22:00,Oahu,0,0,0
Oahu_Battery_Conting,2045-11-22 00:00,Oahu,0,0,0
Oahu_Battery_Conting,2045-11-22 02:00,Oahu,0,0,0
Oahu_Battery_Conting,2045-11-22 04:00,Oahu,0,0,0
Oahu_Battery_Conting,2045-11-22 06:00,Oahu,0,0,0
Oahu_Battery_Conting,2045-11-22 08:00,Oahu,0,0,0
Oahu_Battery_Conting,2045-11-22 10:00,Oahu,0,0,0
Oahu_Battery_Conting,2045-11-22 12:00,Oahu,0,0,0
Oahu_Battery_Conting,2045-11-22 14:00,Oahu,0,0,0
Oahu_Battery_Conting,2045-11-22 16:00,Oahu,0,0,0
Oahu_Battery_Conting,2045-11-22 18:00,Oahu,0,0,0
Oahu_Battery_Conting,2045-11-22 20:00,Oahu,0,0,0
Oahu_Battery_Conting,2045-11-22 22:00,Oahu,0,0,0
Oahu_Battery_Conting,2045-12-15 00:00,Oahu,0,0,0
Oahu_Battery_Conting,2045-12-15 02:00,Oahu,0,0,0
Oahu_Battery_Conting,2045-12-15 04:00,Oahu,0,0,0
Oahu_Battery_Conting,2045-12-15 06:00,Oahu,0,0,0
Oahu_Battery_Conting,2045-12-15 08:00,Oahu,0,0,0
Oahu_Battery_Conting,2045-12-15 10:00,Oahu,0,0,0
Oahu_Battery_Conting,2045-12-15 12:00,Oahu,0,0,0
Oahu_Battery_Conting,2045-12-15 14:00,Oahu,0,0,0
Oahu_Battery_Conting,2045-12-15 16:00,Oahu,0,0,0
Oahu_Battery_Conting,2045-12-15 18:00,Oahu,0,0,0
Oahu_Battery_Conting,2045-12-15 20:00,Oahu,0,0,0
Oahu_Battery_Conting,2045-12-15 22:00,Oahu,0,0,0
Oahu_Battery_Conting,2050-01-12 00:00,Oahu,0,0,0
Oahu_Battery_Conting,2050-01-12 02:00,Oahu,0,0,0
Oahu_Battery_Conting,2050-01-12 04:00,Oahu,0,0,0
Oahu_Battery_Conting,2050-01-12 06:00,Oahu,0,0,0
Oahu_Battery_Conting,2050-01-12 08:00,Oahu,0,0,0
Oahu_Battery_Conting,2050-01-12 10:00,Oahu,0,0,0
Oahu_Battery_Conting,2050-01-12 12:00,Oahu,0,0,0
Oahu_Battery_Conting,2050-01-12 14:00,Oahu,0,0,0
Oahu_Battery_Conting,2050-01-12 16:00,Oahu,0,0,0
Oahu_Battery_Conting,2050-01-12 18:00,Oahu,0,0,0
Oahu_Battery_Conting,2050-01-12 20:00,Oahu,0,0,0
Oahu_Battery_Conting,2050-01-12 22:00,Oahu,0,0,0
Oahu_Battery_Conting,2050-01-19 00:00,Oahu,0,0,0
Oahu_Battery_Conting,2050-01-19 02:00,Oahu,0,0,0
Oahu_Battery_Conting,2050-01-19 04:00,Oahu,0,0,0
Oahu_Battery_Conting,2050-01-19 06:00,Oahu,0,0,0
Oahu_Battery_Conting,2050-01-19 08:00,Oahu,0,0,0
Oahu_Battery_Conting,2050-01-19 10:00,Oahu,0,0,0
Oahu_Battery_Conting,2050-01-19 12:00,Oahu,0,0,0
Oahu_Battery_Conting,2050-01-19 14:00,Oahu,0,0,0
Oahu_Battery_Conting,2050-01-19 16:00,Oahu,0,0,0
Oahu_Battery_Conting,2050-01-19 18:00,Oahu,0,0,0
Oahu_Battery_Conting,2050-01-19 20:00,Oahu,0,0,0
Oahu_Battery_Conting,2050-01-19 22:00,Oahu,0,0,0
Oahu_Battery_Conting,2050-02-12 00:00,Oahu,0,0,0
Oahu_Battery_Conting,2050-02-12 02:00,Oahu,0,0,0
Oahu_Battery_Conting,2050-02-12 04:00,Oahu,0,0,0
Oahu_Battery_Conting,2050-02-12 06:00,Oahu,0,0,0
Oahu_Battery_Conting,2050-02-12 08:00,Oahu,0,0,0
Oahu_Battery_Conting,2050-02-12 10:00,Oahu,0,0,0
Oahu_Battery_Conting,2050-02-12 12:00,Oahu,0,0,0
Oahu_Battery_Conting,2050-02-12 14:00,Oahu,0,0,0
Oahu_Battery_Conting,2050-02-12 16:00,Oahu,0,0,0
Oahu_Battery_Conting,2050-02-12 18:00,Oahu,0,0,0
Oahu_Battery_Conting,2050-02-12 20:00,Oahu,0,0,0
Oahu_Battery_Conting,2050-02-12 22:00,Oahu,0,0,0
Oahu_Battery_Conting,2050-02-20 00:00,Oahu,0,0,0
Oahu_Battery_Conting,2050-02-20 02:00,Oahu,0,0,0
Oahu_Battery_Conting,2050-02-20 04:00,Oahu,0,0,0
Oahu_Battery_Conting,2050-02-20 06:00,Oahu,0,0,0
Oahu_Battery_Conting,2050-02-20 08:00,Oahu,0,0,0
Oahu_Battery_Conting,2050-02-20 10:00,Oahu,0,0,0
Oahu_Battery_Conting,2050-02-20 12:00,Oahu,0,0,0
Oahu_Battery_Conting,2050-02-20 14:00,Oahu,0,0,0
Oahu_Battery_Conting,2050-02-20 16:00,Oahu,0,0,0
Oahu_Battery_Conting,2050-02-20 18:00,Oahu,0,0,0
Oahu_Battery_Conting,2050-02-20 20:00,Oahu,0,0,0
Oahu_Battery_Conting,2050-02-20 22:00,Oahu,0,0,0
Oahu_Battery_Conting,2050-04-10 00:00,Oahu,0,0,0
Oahu_Battery_Conting,2050-04-10 02:00,Oahu,0,0,0
Oahu_Battery_Conting,2050-04-10 04:00,Oahu,0,0,0
Oahu_Battery_Conting,2050-04-10 06:00,Oahu,0,0,0
Oahu_Battery_Conting,2050-04-10 08:00,Oahu,0,0,0
Oahu_Battery_Conting,2050-04-10 10:00,Oahu,0,0,0
Oahu_Battery_Conting,2050-04-10 12:00,Oahu,0,0,0
Oahu_Battery_Conting,2050-04-10 14:00,Oahu,0,0,0
Oahu_Battery_Conting,2050-04-10 16:00,Oahu,0,0,0
Oahu_Battery_Conting,2050-04-10 18:00,Oahu,0,0,0
Oahu_Battery_Conting,2050-04-10 20:00,Oahu,0,0,0
Oahu_Battery_Conting,2050-04-10 22:00,Oahu,0,0,0
Oahu_Battery_Conting,2050-05-02 00:00,Oahu,0,0,0
Oahu_Battery_Conting,2050-05-02 02:00,Oahu,0,0,0
Oahu_Battery_Conting,2050-05-02 04:00,Oahu,0,0,0
Oahu_Battery_Conting,2050-05-02 06:00,Oahu,0,0,0
Oahu_Battery_Conting,2050-05-02 08:00,Oahu,0,0,0
Oahu_Battery_Conting,2050-05-02 10:00,Oahu,0,0,0
Oahu_Battery_Conting,2050-05-02 12:00,Oahu,0,0,0
Oahu_Battery_Conting,2050-05-02 14:00,Oahu,0,0,0
Oahu_Battery_Conting,2050-05-02 16:00,Oahu,0,0,0
Oahu_Battery_Conting,2050-05-02 18:00,Oahu,0,0,0
Oahu_Battery_Conting,2050-05-02 20:00,Oahu,0,0,0
Oahu_Battery_Conting,2050-05-02 22:00,Oahu,0,0,0
Oahu_Battery_Conting,2050-06-17 00:00,Oahu,0,0,0
Oahu_Battery_Conting,2050-06-17 02:00,Oahu,0,0,0
Oahu_Battery_Conting,2050-06-17 04:00,Oahu,0,0,0
Oahu_Battery_Conting,2050-06-17 06:00,Oahu,0,0,0
Oahu_Battery_Conting,2050-06-17 08:00,Oahu,0,0,0
Oahu_Battery_Conting,2050-06-17 10:00,Oahu,0,0,0
Oahu_Battery_Conting,2050-06-17 12:00,Oahu,0,0,0
Oahu_Battery_Conting,2050-06-17 14:00,Oahu,0,0,0
Oahu_Battery_Conting,2050-06-17 16:00,Oahu,0,0,0
Oahu_Battery_Conting,2050-06-17 18:00,Oahu,0,0,0
Oahu_Battery_Conting,2050-06-17 20:00,Oahu,0,0,0
Oahu_Battery_Conting,2050-06-17 22:00,Oahu,0,0,0
Oahu_Battery_Conting,2050-08-18 00:00,Oahu,0,0,0
Oahu_Battery_Conting,2050-08-18 02:00,Oahu,0,0,0
Oahu_Battery_Conting,2050-08-18 04:00,Oahu,0,0,0
Oahu_Battery_Conting,2050-08-18 06:00,Oahu,0,0,0
Oahu_Battery_Conting,2050-08-18 08:00,Oahu,0,0,0
Oahu_Battery_Conting,2050-08-18 10:00,Oahu,0,0,0
Oahu_Battery_Conting,2050-08-18 12:00,Oahu,0,0,0
Oahu_Battery_Conting,2050-08-18 14:00,Oahu,0,0,0
Oahu_Battery_Conting,2050-08-18 16:00,Oahu,0,0,0
Oahu_Battery_Conting,2050-08-18 18:00,Oahu,0,0,0
Oahu_Battery_Conting,2050-08-18 20:00,Oahu,0,0,0
Oahu_Battery_Conting,2050-08-18 22:00,Oahu,0,0,0
Oahu_Battery_Conting,2050-09-10 00:00,Oahu,0,0,0
Oahu_Battery_Conting,2050-09-10 02:00,Oahu,0,0,0
Oahu_Battery_Conting,2050-09-10 04:00,Oahu,0,0,0
Oahu_Battery_Conting,2050-09-10 06:00,Oahu,0,0,0
Oahu_Battery_Conting,2050-09-10 08:00,Oahu,0,0,0
Oahu_Battery_Conting,2050-09-10 10:00,Oahu,0,0,0
Oahu_Battery_Conting,2050-09-10 12:00,Oahu,0,0,0
Oahu_Battery_Conting,2050-09-10 14:00,Oahu,0,0,0
Oahu_Battery_Conting,2050-09-10 16:00,Oahu,0,0,0
Oahu_Battery_Conting,2050-09-10 18:00,Oahu,0,0,0
Oahu_Battery_Conting,2050-09-10 20:00,Oahu,0,0,0
Oahu_Battery_Conting,2050-09-10 22:00,Oahu,0,0,0
Oahu_Battery_Conting,2050-09-22 00:00,Oahu,0,0,0
Oahu_Battery_Conting,2050-09-22 02:00,Oahu,0,0,0
Oahu_Battery_Conting,2050-09-22 04:00,Oahu,0,0,0
Oahu_Battery_Conting,2050-09-22 06:00,Oahu,0,0,0
Oahu_Battery_Conting,2050-09-22 08:00,Oahu,0,0,0
Oahu_Battery_Conting,2050-09-22 10:00,Oahu,0,0,0
Oahu_Battery_Conting,2050-09-22 12:00,Oahu,0,0,0
Oahu_Battery_Conting,2050-09-22 14:00,Oahu,0,0,0
Oahu_Battery_Conting,2050-09-22 16:00,Oahu,0,0,0
Oahu_Battery_Conting,2050-09-22 18:00,Oahu,0,0,0
Oahu_Battery_Conting,2050-09-22 20:00,Oahu,0,0,0
Oahu_Battery_Conting,2050-09-22 22:00,Oahu,0,0,0
Oahu_Battery_Conting,2050-10-27 00:00,Oahu,0,0,0
Oahu_Battery_Conting,2050-10-27 02:00,Oahu,0,0,0
Oahu_Battery_Conting,2050-10-27 04:00,Oahu,0,0,0
Oahu_Battery_Conting,2050-10-27 06:00,Oahu,0,0,0
Oahu_Battery_Conting,2050-10-27 08:00,Oahu,0,0,0
Oahu_Battery_Conting,2050-10-27 10:00,Oahu,0,0,0
Oahu_Battery_Conting,2050-10-27 12:00,Oahu,0,0,0
Oahu_Battery_Conting,2050-10-27 14:00,Oahu,0,0,0
Oahu_Battery_Conting,2050-10-27 16:00,Oahu,0,0,0
Oahu_Battery_Conting,2050-10-27 18:00,Oahu,0,0,0
Oahu_Battery_Conting,2050-10-27 20:00,Oahu,0,0,0
Oahu_Battery_Conting,2050-10-27 22:00,Oahu,0,0,0
Oahu_Battery_Conting,2050-11-22 00:00,Oahu,0,0,0
Oahu_Battery_Conting,2050-11-22 02:00,Oahu,0,0,0
Oahu_Battery_Conting,2050-11-22 04:00,Oahu,0,0,0
Oahu_Battery_Conting,2050-11-22 06:00,Oahu,0,0,0
Oahu_Battery_Conting,2050-11-22 08:00,Oahu,0,0,0
Oahu_Battery_Conting,2050-11-22 10:00,Oahu,0,0,0
Oahu_Battery_Conting,2050-11-22 12:00,Oahu,0,0,0
Oahu_Battery_Conting,2050-11-22 14:00,Oahu,0,0,0
Oahu_Battery_Conting,2050-11-22 16:00,Oahu,0,0,0
Oahu_Battery_Conting,2050-11-22 18:00,Oahu,0,0,0
Oahu_Battery_Conting,2050-11-22 20:00,Oahu,0,0,0
Oahu_Battery_Conting,2050-11-22 22:00,Oahu,0,0,0
Oahu_Battery_Conting,2050-12-15 00:00,Oahu,0,0,0
Oahu_Battery_Conting,2050-12-15 02:00,Oahu,0,0,0
Oahu_Battery_Conting,2050-12-15 04:00,Oahu,0,0,0
Oahu_Battery_Conting,2050-12-15 06:00,Oahu,0,0,0
Oahu_Battery_Conting,2050-12-15 08:00,Oahu,0,0,0
Oahu_Battery_Conting,2050-12-15 10:00,Oahu,0,0,0
Oahu_Battery_Conting,2050-12-15 12:00,Oahu,0,0,0
Oahu_Battery_Conting,2050-12-15 14:00,Oahu,0,0,0
Oahu_Battery_Conting,2050-12-15 16:00,Oahu,0,0,0
Oahu_Battery_Conting,2050-12-15 18:00,Oahu,0,0,0
Oahu_Battery_Conting,2050-12-15 20:00,Oahu,0,0,0
Oahu_Battery_Conting,2050-12-15 22:00,Oahu,0,0,0
Oahu_Battery_Reg,2020-01-12 00:00,Oahu,0,0,0
Oahu_Battery_Reg,2020-01-12 02:00,Oahu,0,0,0
Oahu_Battery_Reg,2020-01-12 04:00,Oahu,0,0,0
Oahu_Battery_Reg,2020-01-12 06:00,Oahu,0,0,0
Oahu_Battery_Reg,2020-01-12 08:00,Oahu,0,0,0
Oahu_Battery_Reg,2020-01-12 10:00,Oahu,0,0,0
Oahu_Battery_Reg,2020-01-12 12:00,Oahu,0,0,0
Oahu_Battery_Reg,2020-01-12 14:00,Oahu,0,0,0
Oahu_Battery_Reg,2020-01-12 16:00,Oahu,0,0,0
Oahu_Battery_Reg,2020-01-12 18:00,Oahu,0,0,0
Oahu_Battery_Reg,2020-01-12 20:00,Oahu,0,0,0
Oahu_Battery_Reg,2020-01-12 22:00,Oahu,0,0,0
Oahu_Battery_Reg,2020-01-19 00:00,Oahu,0,0,0
Oahu_Battery_Reg,2020-01-19 02:00,Oahu,0,0,0
Oahu_Battery_Reg,2020-01-19 04:00,Oahu,0,0,0
Oahu_Battery_Reg,2020-01-19 06:00,Oahu,0,0,0
Oahu_Battery_Reg,2020-01-19 08:00,Oahu,0,0,0
Oahu_Battery_Reg,2020-01-19 10:00,Oahu,0,0,0
Oahu_Battery_Reg,2020-01-19 12:00,Oahu,0,0,0
Oahu_Battery_Reg,2020-01-19 14:00,Oahu,0,0,0
Oahu_Battery_Reg,2020-01-19 16:00,Oahu,0,0,0
Oahu_Battery_Reg,2020-01-19 18:00,Oahu,0,0,0
Oahu_Battery_Reg,2020-01-19 20:00,Oahu,0,0,0
Oahu_Battery_Reg,2020-01-19 22:00,Oahu,0,0,0
Oahu_Battery_Reg,2020-02-12 00:00,Oahu,0,0,0
Oahu_Battery_Reg,2020-02-12 02:00,Oahu,0,0,0
Oahu_Battery_Reg,2020-02-12 04:00,Oahu,0,0,0
Oahu_Battery_Reg,2020-02-12 06:00,Oahu,0,0,0
Oahu_Battery_Reg,2020-02-12 08:00,Oahu,0,0,0
Oahu_Battery_Reg,2020-02-12 10:00,Oahu,0,0,0
Oahu_Battery_Reg,2020-02-12 12:00,Oahu,0,0,0
Oahu_Battery_Reg,2020-02-12 14:00,Oahu,0,0,0
Oahu_Battery_Reg,2020-02-12 16:00,Oahu,0,0,0
Oahu_Battery_Reg,2020-02-12 18:00,Oahu,0,0,0
Oahu_Battery_Reg,2020-02-12 20:00,Oahu,0,0,0
Oahu_Battery_Reg,2020-02-12 22:00,Oahu,0,0,0
Oahu_Battery_Reg,2020-02-20 00:00,Oahu,0,0,0
Oahu_Battery_Reg,2020-02-20 02:00,Oahu,0,0,0
Oahu_Battery_Reg,2020-02-20 04:00,Oahu,0,0,0
Oahu_Battery_Reg,2020-02-20 06:00,Oahu,0,0,0
Oahu_Battery_Reg,2020-02-20 08:00,Oahu,0,0,0
Oahu_Battery_Reg,2020-02-20 10:00,Oahu,0,0,0
Oahu_Battery_Reg,2020-02-20 12:00,Oahu,0,0,0
Oahu_Battery_Reg,2020-02-20 14:00,Oahu,0,0,0
Oahu_Battery_Reg,2020-02-20 16:00,Oahu,0,0,0
Oahu_Battery_Reg,2020-02-20 18:00,Oahu,0,0,0
Oahu_Battery_Reg,2020-02-20 20:00,Oahu,0,0,0
Oahu_Battery_Reg,2020-02-20 22:00,Oahu,0,0,0
Oahu_Battery_Reg,2020-04-10 00:00,Oahu,0,0,0
Oahu_Battery_Reg,2020-04-10 02:00,Oahu,0,0,0
Oahu_Battery_Reg,2020-04-10 04:00,Oahu,0,0,0
Oahu_Battery_Reg,2020-04-10 06:00,Oahu,0,0,0
Oahu_Battery_Reg,2020-04-10 08:00,Oahu,0,0,0
Oahu_Battery_Reg,2020-04-10 10:00,Oahu,0,0,0
Oahu_Battery_Reg,2020-04-10 12:00,Oahu,0,0,0
Oahu_Battery_Reg,2020-04-10 14:00,Oahu,0,0,0
Oahu_Battery_Reg,2020-04-10 16:00,Oahu,0,0,0
Oahu_Battery_Reg,2020-04-10 18:00,Oahu,0,0,0
Oahu_Battery_Reg,2020-04-10 20:00,Oahu,0,0,0
Oahu_Battery_Reg,2020-04-10 22:00,Oahu,0,0,0
Oahu_Battery_Reg,2020-05-02 00:00,Oahu,0,0,0
Oahu_Battery_Reg,2020-05-02 02:00,Oahu,0,0,0
Oahu_Battery_Reg,2020-05-02 04:00,Oahu,0,0,0
Oahu_Battery_Reg,2020-05-02 06:00,Oahu,0,0,0
Oahu_Battery_Reg,2020-05-02 08:00,Oahu,0,0,0
Oahu_Battery_Reg,2020-05-02 10:00,Oahu,0,0,0
Oahu_Battery_Reg,2020-05-02 12:00,Oahu,0,0,0
Oahu_Battery_Reg,2020-05-02 14:00,Oahu,0,0,0
Oahu_Battery_Reg,2020-05-02 16:00,Oahu,0,0,0
Oahu_Battery_Reg,2020-05-02 18:00,Oahu,0,0,0
Oahu_Battery_Reg,2020-05-02 20:00,Oahu,0,0,0
Oahu_Battery_Reg,2020-05-02 22:00,Oahu,0,0,0
Oahu_Battery_Reg,2020-06-17 00:00,Oahu,0,0,0
Oahu_Battery_Reg,2020-06-17 02:00,Oahu,0,0,0
Oahu_Battery_Reg,2020-06-17 04:00,Oahu,0,0,0
Oahu_Battery_Reg,2020-06-17 06:00,Oahu,0,0,0
Oahu_Battery_Reg,2020-06-17 08:00,Oahu,0,0,0
Oahu_Battery_Reg,2020-06-17 10:00,Oahu,0,0,0
Oahu_Battery_Reg,2020-06-17 12:00,Oahu,0,0,0
Oahu_Battery_Reg,2020-06-17 14:00,Oahu,0,0,0
Oahu_Battery_Reg,2020-06-17 16:00,Oahu,0,0,0
Oahu_Battery_Reg,2020-06-17 18:00,Oahu,0,0,0
Oahu_Battery_Reg,2020-06-17 20:00,Oahu,0,0,0
Oahu_Battery_Reg,2020-06-17 22:00,Oahu,0,0,0
Oahu_Battery_Reg,2020-08-18 00:00,Oahu,0,0,0
Oahu_Battery_Reg,2020-08-18 02:00,Oahu,0,0,0
Oahu_Battery_Reg,2020-08-18 04:00,Oahu,0,0,0
Oahu_Battery_Reg,2020-08-18 06:00,Oahu,0,0,0
Oahu_Battery_Reg,2020-08-18 08:00,Oahu,0,0,0
Oahu_Battery_Reg,2020-08-18 10:00,Oahu,0,0,0
Oahu_Battery_Reg,2020-08-18 12:00,Oahu,0,0,0
Oahu_Battery_Reg,2020-08-18 14:00,Oahu,0,0,0
Oahu_Battery_Reg,2020-08-18 16:00,Oahu,0,0,0
Oahu_Battery_Reg,2020-08-18 18:00,Oahu,0,0,0
Oahu_Battery_Reg,2020-08-18 20:00,Oahu,0,0,0
Oahu_Battery_Reg,2020-08-18 22:00,Oahu,0,0,0
Oahu_Battery_Reg,2020-09-10 00:00,Oahu,0,0,0
Oahu_Battery_Reg,2020-09-10 02:00,Oahu,0,0,0
Oahu_Battery_Reg,2020-09-10 04:00,Oahu,0,0,0
Oahu_Battery_Reg,2020-09-10 06:00,Oahu,0,0,0
Oahu_Battery_Reg,2020-09-10 08:00,Oahu,0,0,0
Oahu_Battery_Reg,2020-09-10 10:00,Oahu,0,0,0
Oahu_Battery_Reg,2020-09-10 12:00,Oahu,0,0,0
Oahu_Battery_Reg,2020-09-10 14:00,Oahu,0,0,0
Oahu_Battery_Reg,2020-09-10 16:00,Oahu,0,0,0
Oahu_Battery_Reg,2020-09-10 18:00,Oahu,0,0,0
Oahu_Battery_Reg,2020-09-10 20:00,Oahu,0,0,0
Oahu_Battery_Reg,2020-09-10 22:00,Oahu,0,0,0
Oahu_Battery_Reg,2020-09-22 00:00,Oahu,0,0,0
Oahu_Battery_Reg,2020-09-22 02:00,Oahu,0,0,0
Oahu_Battery_Reg,2020-09-22 04:00,Oahu,0,0,0
Oahu_Battery_Reg,2020-09-22 06:00,Oahu,0,0,0
Oahu_Battery_Reg,2020-09-22 08:00,Oahu,0,0,0
Oahu_Battery_Reg,2020-09-22 10:00,Oahu,0,0,0
Oahu_Battery_Reg,2020-09-22 12:00,Oahu,0,0,0
Oahu_Battery_Reg,2020-09-22 14:00,Oahu,0,0,0
Oahu_Battery_Reg,2020-09-22 16:00,Oahu,0,0,0
Oahu_Battery_Reg,2020-09-22 18:00,Oahu,0,0,0
Oahu_Battery_Reg,2020-09-22 20:00,Oahu,0,0,0
Oahu_Battery_Reg,2020-09-22 22:00,Oahu,0,0,0
Oahu_Battery_Reg,2020-10-27 00:00,Oahu,0,0,0
Oahu_Battery_Reg,2020-10-27 02:00,Oahu,0,0,0
Oahu_Battery_Reg,2020-10-27 04:00,Oahu,0,0,0
Oahu_Battery_Reg,2020-10-27 06:00,Oahu,0,0,0
Oahu_Battery_Reg,2020-10-27 08:00,Oahu,0,0,0
Oahu_Battery_Reg,2020-10-27 10:00,Oahu,0,0,0
Oahu_Battery_Reg,2020-10-27 12:00,Oahu,0,0,0
Oahu_Battery_Reg,2020-10-27 14:00,Oahu,0,0,0
Oahu_Battery_Reg,2020-10-27 16:00,Oahu,0,0,0
Oahu_Battery_Reg,2020-10-27 18:00,Oahu,0,0,0
Oahu_Battery_Reg,2020-10-27 20:00,Oahu,0,0,0
Oahu_Battery_Reg,2020-10-27 22:00,Oahu,0,0,0
Oahu_Battery_Reg,2020-11-22 00:00,Oahu,0,0,0
Oahu_Battery_Reg,2020-11-22 02:00,Oahu,0,0,0
Oahu_Battery_Reg,2020-11-22 04:00,Oahu,0,0,0
Oahu_Battery_Reg,2020-11-22 06:00,Oahu,0,0,0
Oahu_Battery_Reg,2020-11-22 08:00,Oahu,0,0,0
Oahu_Battery_Reg,2020-11-22 10:00,Oahu,0,0,0
Oahu_Battery_Reg,2020-11-22 12:00,Oahu,0,0,0
Oahu_Battery_Reg,2020-11-22 14:00,Oahu,0,0,0
Oahu_Battery_Reg,2020-11-22 16:00,Oahu,0,0,0
Oahu_Battery_Reg,2020-11-22 18:00,Oahu,0,0,0
Oahu_Battery_Reg,2020-11-22 20:00,Oahu,0,0,0
Oahu_Battery_Reg,2020-11-22 22:00,Oahu,0,0,0
Oahu_Battery_Reg,2020-12-15 00:00,Oahu,0,0,0
Oahu_Battery_Reg,2020-12-15 02:00,Oahu,0,0,0
Oahu_Battery_Reg,2020-12-15 04:00,Oahu,0,0,0
Oahu_Battery_Reg,2020-12-15 06:00,Oahu,0,0,0
Oahu_Battery_Reg,2020-12-15 08:00,Oahu,0,0,0
Oahu_Battery_Reg,2020-12-15 10:00,Oahu,0,0,0
Oahu_Battery_Reg,2020-12-15 12:00,Oahu,0,0,0
Oahu_Battery_Reg,2020-12-15 14:00,Oahu,0,0,0
Oahu_Battery_Reg,2020-12-15 16:00,Oahu,0,0,0
Oahu_Battery_Reg,2020-12-15 18:00,Oahu,0,0,0
Oahu_Battery_Reg,2020-12-15 20:00,Oahu,0,0,0
Oahu_Battery_Reg,2020-12-15 22:00,Oahu,0,0,0
Oahu_Battery_Reg,2023-01-12 00:00,Oahu,0,0,0
Oahu_Battery_Reg,2023-01-12 02:00,Oahu,0,0,0
Oahu_Battery_Reg,2023-01-12 04:00,Oahu,0,0,0
Oahu_Battery_Reg,2023-01-12 06:00,Oahu,0,0,0
Oahu_Battery_Reg,2023-01-12 08:00,Oahu,0,0,0
Oahu_Battery_Reg,2023-01-12 10:00,Oahu,0,0,0
Oahu_Battery_Reg,2023-01-12 12:00,Oahu,0,0,0
Oahu_Battery_Reg,2023-01-12 14:00,Oahu,0,0,0
Oahu_Battery_Reg,2023-01-12 16:00,Oahu,0,0,0
Oahu_Battery_Reg,2023-01-12 18:00,Oahu,0,0,0
Oahu_Battery_Reg,2023-01-12 20:00,Oahu,0,0,0
Oahu_Battery_Reg,2023-01-12 22:00,Oahu,0,0,0
Oahu_Battery_Reg,2023-01-19 00:00,Oahu,0,0,0
Oahu_Battery_Reg,2023-01-19 02:00,Oahu,0,0,0
Oahu_Battery_Reg,2023-01-19 04:00,Oahu,0,0,0
Oahu_Battery_Reg,2023-01-19 06:00,Oahu,0,0,0
Oahu_Battery_Reg,2023-01-19 08:00,Oahu,0,0,0
Oahu_Battery_Reg,2023-01-19 10:00,Oahu,0,0,0
Oahu_Battery_Reg,2023-01-19 12:00,Oahu,0,0,0
Oahu_Battery_Reg,2023-01-19 14:00,Oahu,0,0,0
Oahu_Battery_Reg,2023-01-19 16:00,Oahu,0,0,0
Oahu_Battery_Reg,2023-01-19 18:00,Oahu,0,0,0
Oahu_Battery_Reg,2023-01-19 20:00,Oahu,0,0,0
Oahu_Battery_Reg,2023-01-19 22:00,Oahu,0,0,0
Oahu_Battery_Reg,2023-02-12 00:00,Oahu,0,0,0
Oahu_Battery_Reg,2023-02-12 02:00,Oahu,0,0,0
Oahu_Battery_Reg,2023-02-12 04:00,Oahu,0,0,0
Oahu_Battery_Reg,2023-02-12 06:00,Oahu,0,0,0
Oahu_Battery_Reg,2023-02-12 08:00,Oahu,0,0,0
Oahu_Battery_Reg,2023-02-12 10:00,Oahu,0,0,0
Oahu_Battery_Reg,2023-02-12 12:00,Oahu,0,0,0
Oahu_Battery_Reg,2023-02-12 14:00,Oahu,0,0,0
Oahu_Battery_Reg,2023-02-12 16:00,Oahu,0,0,0
Oahu_Battery_Reg,2023-02-12 18:00,Oahu,0,0,0
Oahu_Battery_Reg,2023-02-12 20:00,Oahu,0,0,0
Oahu_Battery_Reg,2023-02-12 22:00,Oahu,0,0,0
Oahu_Battery_Reg,2023-02-20 00:00,Oahu,0,0,0
Oahu_Battery_Reg,2023-02-20 02:00,Oahu,0,0,0
Oahu_Battery_Reg,2023-02-20 04:00,Oahu,0,0,0
Oahu_Battery_Reg,2023-02-20 06:00,Oahu,0,0,0
Oahu_Battery_Reg,2023-02-20 08:00,Oahu,0,0,0
Oahu_Battery_Reg,2023-02-20 10:00,Oahu,0,0,0
Oahu_Battery_Reg,2023-02-20 12:00,Oahu,0,0,0
Oahu_Battery_Reg,2023-02-20 14:00,Oahu,0,0,0
Oahu_Battery_Reg,2023-02-20 16:00,Oahu,0,0,0
Oahu_Battery_Reg,2023-02-20 18:00,Oahu,0,0,0
Oahu_Battery_Reg,2023-02-20 20:00,Oahu,0,0,0
Oahu_Battery_Reg,2023-02-20 22:00,Oahu,0,0,0
Oahu_Battery_Reg,2023-04-10 00:00,Oahu,0,0,0
Oahu_Battery_Reg,2023-04-10 02:00,Oahu,0,0,0
Oahu_Battery_Reg,2023-04-10 04:00,Oahu,0,0,0
Oahu_Battery_Reg,2023-04-10 06:00,Oahu,0,0,0
Oahu_Battery_Reg,2023-04-10 08:00,Oahu,0,0,0
Oahu_Battery_Reg,2023-04-10 10:00,Oahu,0,0,0
Oahu_Battery_Reg,2023-04-10 12:00,Oahu,0,0,0
Oahu_Battery_Reg,2023-04-10 14:00,Oahu,0,0,0
Oahu_Battery_Reg,2023-04-10 16:00,Oahu,0,0,0
Oahu_Battery_Reg,2023-04-10 18:00,Oahu,0,0,0
Oahu_Battery_Reg,2023-04-10 20:00,Oahu,0,0,0
Oahu_Battery_Reg,2023-04-10 22:00,Oahu,0,0,0
Oahu_Battery_Reg,2023-05-02 00:00,Oahu,0,0,0
Oahu_Battery_Reg,2023-05-02 02:00,Oahu,0,0,0
Oahu_Battery_Reg,2023-05-02 04:00,Oahu,0,0,0
Oahu_Battery_Reg,2023-05-02 06:00,Oahu,0,0,0
Oahu_Battery_Reg,2023-05-02 08:00,Oahu,0,0,0
Oahu_Battery_Reg,2023-05-02 10:00,Oahu,0,0,0
Oahu_Battery_Reg,2023-05-02 12:00,Oahu,0,0,0
Oahu_Battery_Reg,2023-05-02 14:00,Oahu,0,0,0
Oahu_Battery_Reg,2023-05-02 16:00,Oahu,0,0,0
Oahu_Battery_Reg,2023-05-02 18:00,Oahu,0,0,0
Oahu_Battery_Reg,2023-05-02 20:00,Oahu,0,0,0
Oahu_Battery_Reg,2023-05-02 22:00,Oahu,0,0,0
Oahu_Battery_Reg,2023-06-17 00:00,Oahu,0,0,0
Oahu_Battery_Reg,2023-06-17 02:00,Oahu,0,0,0
Oahu_Battery_Reg,2023-06-17 04:00,Oahu,0,0,0
Oahu_Battery_Reg,2023-06-17 06:00,Oahu,0,0,0
Oahu_Battery_Reg,2023-06-17 08:00,Oahu,0,0,0
Oahu_Battery_Reg,2023-06-17 10:00,Oahu,0,0,0
Oahu_Battery_Reg,2023-06-17 12:00,Oahu,0,0,0
Oahu_Battery_Reg,2023-06-17 14:00,Oahu,0,0,0
Oahu_Battery_Reg,2023-06-17 16:00,Oahu,0,0,0
Oahu_Battery_Reg,2023-06-17 18:00,Oahu,0,0,0
Oahu_Battery_Reg,2023-06-17 20:00,Oahu,0,0,0
Oahu_Battery_Reg,2023-06-17 22:00,Oahu,0,0,0
Oahu_Battery_Reg,2023-08-18 00:00,Oahu,0,0,0
Oahu_Battery_Reg,2023-08-18 02:00,Oahu,0,0,0
Oahu_Battery_Reg,2023-08-18 04:00,Oahu,0,0,0
Oahu_Battery_Reg,2023-08-18 06:00,Oahu,0,0,0
Oahu_Battery_Reg,2023-08-18 08:00,Oahu,0,0,0
Oahu_Battery_Reg,2023-08-18 10:00,Oahu,0,0,0
Oahu_Battery_Reg,2023-08-18 12:00,Oahu,0,0,0
Oahu_Battery_Reg,2023-08-18 14:00,Oahu,0,0,0
Oahu_Battery_Reg,2023-08-18 16:00,Oahu,0,0,0
Oahu_Battery_Reg,2023-08-18 18:00,Oahu,0,0,0
Oahu_Battery_Reg,2023-08-18 20:00,Oahu,0,0,0
Oahu_Battery_Reg,2023-08-18 22:00,Oahu,0,0,0
Oahu_Battery_Reg,2023-09-10 00:00,Oahu,0,0,0
Oahu_Battery_Reg,2023-09-10 02:00,Oahu,0,0,0
Oahu_Battery_Reg,2023-09-10 04:00,Oahu,0,0,0
Oahu_Battery_Reg,2023-09-10 06:00,Oahu,0,0,0
Oahu_Battery_Reg,2023-09-10 08:00,Oahu,0,0,0
Oahu_Battery_Reg,2023-09-10 10:00,Oahu,0,0,0
Oahu_Battery_Reg,2023-09-10 12:00,Oahu,0,0,0
Oahu_Battery_Reg,2023-09-10 14:00,Oahu,0,0,0
Oahu_Battery_Reg,2023-09-10 16:00,Oahu,0,0,0
Oahu_Battery_Reg,2023-09-10 18:00,Oahu,0,0,0
Oahu_Battery_Reg,2023-09-10 20:00,Oahu,0,0,0
Oahu_Battery_Reg,2023-09-10 22:00,Oahu,0,0,0
Oahu_Battery_Reg,2023-09-22 00:00,Oahu,0,0,0
Oahu_Battery_Reg,2023-09-22 02:00,Oahu,0,0,0
Oahu_Battery_Reg,2023-09-22 04:00,Oahu,0,0,0
Oahu_Battery_Reg,2023-09-22 06:00,Oahu,0,0,0
Oahu_Battery_Reg,2023-09-22 08:00,Oahu,0,0,0
Oahu_Battery_Reg,2023-09-22 10:00,Oahu,0,0,0
Oahu_Battery_Reg,2023-09-22 12:00,Oahu,0,0,0
Oahu_Battery_Reg,2023-09-22 14:00,Oahu,0,0,0
Oahu_Battery_Reg,2023-09-22 16:00,Oahu,0,0,0
Oahu_Battery_Reg,2023-09-22 18:00,Oahu,0,0,0
Oahu_Battery_Reg,2023-09-22 20:00,Oahu,0,0,0
Oahu_Battery_Reg,2023-09-22 22:00,Oahu,0,0,0
Oahu_Battery_Reg,2023-10-27 00:00,Oahu,0,0,0
Oahu_Battery_Reg,2023-10-27 02:00,Oahu,0,0,0
Oahu_Battery_Reg,2023-10-27 04:00,Oahu,0,0,0
Oahu_Battery_Reg,2023-10-27 06:00,Oahu,0,0,0
Oahu_Battery_Reg,2023-10-27 08:00,Oahu,0,0,0
Oahu_Battery_Reg,2023-10-27 10:00,Oahu,0,0,0
Oahu_Battery_Reg,2023-10-27 12:00,Oahu,0,0,0
Oahu_Battery_Reg,2023-10-27 14:00,Oahu,0,0,0
Oahu_Battery_Reg,2023-10-27 16:00,Oahu,0,0,0
Oahu_Battery_Reg,2023-10-27 18:00,Oahu,0,0,0
Oahu_Battery_Reg,2023-10-27 20:00,Oahu,0,0,0
Oahu_Battery_Reg,2023-10-27 22:00,Oahu,0,0,0
Oahu_Battery_Reg,2023-11-22 00:00,Oahu,0,0,0
Oahu_Battery_Reg,2023-11-22 02:00,Oahu,0,0,0
Oahu_Battery_Reg,2023-11-22 04:00,Oahu,0,0,0
Oahu_Battery_Reg,2023-11-22 06:00,Oahu,0,0,0
Oahu_Battery_Reg,2023-11-22 08:00,Oahu,0,0,0
Oahu_Battery_Reg,2023-11-22 10:00,Oahu,0,0,0
Oahu_Battery_Reg,2023-11-22 12:00,Oahu,0,0,0
Oahu_Battery_Reg,2023-11-22 14:00,Oahu,0,0,0
Oahu_Battery_Reg,2023-11-22 16:00,Oahu,0,0,0
Oahu_Battery_Reg,2023-11-22 18:00,Oahu,0,0,0
Oahu_Battery_Reg,2023-11-22 20:00,Oahu,0,0,0
Oahu_Battery_Reg,2023-11-22 22:00,Oahu,0,0,0
Oahu_Battery_Reg,2023-12-15 00:00,Oahu,0,0,0
Oahu_Battery_Reg,2023-12-15 02:00,Oahu,0,0,0
Oahu_Battery_Reg,2023-12-15 04:00,Oahu,0,0,0
Oahu_Battery_Reg,2023-12-15 06:00,Oahu,0,0,0
Oahu_Battery_Reg,2023-12-15 08:00,Oahu,0,0,0
Oahu_Battery_Reg,2023-12-15 10:00,Oahu,0,0,0
Oahu_Battery_Reg,2023-12-15 12:00,Oahu,0,0,0
Oahu_Battery_Reg,2023-12-15 14:00,Oahu,0,0,0
Oahu_Battery_Reg,2023-12-15 16:00,Oahu,0,0,0
Oahu_Battery_Reg,2023-12-15 18:00,Oahu,0,0,0
Oahu_Battery_Reg,2023-12-15 20:00,Oahu,0,0,0
Oahu_Battery_Reg,2023-12-15 22:00,Oahu,0,0,0
Oahu_Battery_Reg,2025-01-12 00:00,Oahu,0,0,0
Oahu_Battery_Reg,2025-01-12 02:00,Oahu,0,0,0
Oahu_Battery_Reg,2025-01-12 04:00,Oahu,0,0,0
Oahu_Battery_Reg,2025-01-12 06:00,Oahu,0,0,0
Oahu_Battery_Reg,2025-01-12 08:00,Oahu,0,0,0
Oahu_Battery_Reg,2025-01-12 10:00,Oahu,0,0,0
Oahu_Battery_Reg,2025-01-12 12:00,Oahu,0,0,0
Oahu_Battery_Reg,2025-01-12 14:00,Oahu,0,0,0
Oahu_Battery_Reg,2025-01-12 16:00,Oahu,0,0,0
Oahu_Battery_Reg,2025-01-12 18:00,Oahu,0,0,0
Oahu_Battery_Reg,2025-01-12 20:00,Oahu,0,0,0
Oahu_Battery_Reg,2025-01-12 22:00,Oahu,0,0,0
Oahu_Battery_Reg,2025-01-19 00:00,Oahu,0,0,0
Oahu_Battery_Reg,2025-01-19 02:00,Oahu,0,0,0
Oahu_Battery_Reg,2025-01-19 04:00,Oahu,0,0,0
Oahu_Battery_Reg,2025-01-19 06:00,Oahu,0,0,0
Oahu_Battery_Reg,2025-01-19 08:00,Oahu,0,0,0
Oahu_Battery_Reg,2025-01-19 10:00,Oahu,0,0,0
Oahu_Battery_Reg,2025-01-19 12:00,Oahu,0,0,0
Oahu_Battery_Reg,2025-01-19 14:00,Oahu,0,0,0
Oahu_Battery_Reg,2025-01-19 16:00,Oahu,0,0,0
Oahu_Battery_Reg,2025-01-19 18:00,Oahu,0,0,0
Oahu_Battery_Reg,2025-01-19 20:00,Oahu,0,0,0
Oahu_Battery_Reg,2025-01-19 22:00,Oahu,0,0,0
Oahu_Battery_Reg,2025-02-12 00:00,Oahu,0,0,0
Oahu_Battery_Reg,2025-02-12 02:00,Oahu,0,0,0
Oahu_Battery_Reg,2025-02-12 04:00,Oahu,0,0,0
Oahu_Battery_Reg,2025-02-12 06:00,Oahu,0,0,0
Oahu_Battery_Reg,2025-02-12 08:00,Oahu,0,0,0
Oahu_Battery_Reg,2025-02-12 10:00,Oahu,0,0,0
Oahu_Battery_Reg,2025-02-12 12:00,Oahu,0,0,0
Oahu_Battery_Reg,2025-02-12 14:00,Oahu,0,0,0
Oahu_Battery_Reg,2025-02-12 16:00,Oahu,0,0,0
Oahu_Battery_Reg,2025-02-12 18:00,Oahu,0,0,0
Oahu_Battery_Reg,2025-02-12 20:00,Oahu,0,0,0
Oahu_Battery_Reg,2025-02-12 22:00,Oahu,0,0,0
Oahu_Battery_Reg,2025-02-20 00:00,Oahu,0,0,0
Oahu_Battery_Reg,2025-02-20 02:00,Oahu,0,0,0
Oahu_Battery_Reg,2025-02-20 04:00,Oahu,0,0,0
Oahu_Battery_Reg,2025-02-20 06:00,Oahu,0,0,0
Oahu_Battery_Reg,2025-02-20 08:00,Oahu,0,0,0
Oahu_Battery_Reg,2025-02-20 10:00,Oahu,0,0,0
Oahu_Battery_Reg,2025-02-20 12:00,Oahu,0,0,0
Oahu_Battery_Reg,2025-02-20 14:00,Oahu,0,0,0
Oahu_Battery_Reg,2025-02-20 16:00,Oahu,0,0,0
Oahu_Battery_Reg,2025-02-20 18:00,Oahu,0,0,0
Oahu_Battery_Reg,2025-02-20 20:00,Oahu,0,0,0
Oahu_Battery_Reg,2025-02-20 22:00,Oahu,0,0,0
Oahu_Battery_Reg,2025-04-10 00:00,Oahu,0,0,0
Oahu_Battery_Reg,2025-04-10 02:00,Oahu,0,0,0
Oahu_Battery_Reg,2025-04-10 04:00,Oahu,0,0,0
Oahu_Battery_Reg,2025-04-10 06:00,Oahu,0,0,0
Oahu_Battery_Reg,2025-04-10 08:00,Oahu,0,0,0
Oahu_Battery_Reg,2025-04-10 10:00,Oahu,0,0,0
Oahu_Battery_Reg,2025-04-10 12:00,Oahu,0,0,0
Oahu_Battery_Reg,2025-04-10 14:00,Oahu,0,0,0
Oahu_Battery_Reg,2025-04-10 16:00,Oahu,0,0,0
Oahu_Battery_Reg,2025-04-10 18:00,Oahu,0,0,0
Oahu_Battery_Reg,2025-04-10 20:00,Oahu,0,0,0
Oahu_Battery_Reg,2025-04-10 22:00,Oahu,0,0,0
Oahu_Battery_Reg,2025-05-02 00:00,Oahu,0,0,0
Oahu_Battery_Reg,2025-05-02 02:00,Oahu,0,0,0
Oahu_Battery_Reg,2025-05-02 04:00,Oahu,0,0,0
Oahu_Battery_Reg,2025-05-02 06:00,Oahu,0,0,0
Oahu_Battery_Reg,2025-05-02 08:00,Oahu,0,0,0
Oahu_Battery_Reg,2025-05-02 10:00,Oahu,0,0,0
Oahu_Battery_Reg,2025-05-02 12:00,Oahu,0,0,0
Oahu_Battery_Reg,2025-05-02 14:00,Oahu,0,0,0
Oahu_Battery_Reg,2025-05-02 16:00,Oahu,0,0,0
Oahu_Battery_Reg,2025-05-02 18:00,Oahu,0,0,0
Oahu_Battery_Reg,2025-05-02 20:00,Oahu,0,0,0
Oahu_Battery_Reg,2025-05-02 22:00,Oahu,0,0,0
Oahu_Battery_Reg,2025-06-17 00:00,Oahu,0,0,0
Oahu_Battery_Reg,2025-06-17 02:00,Oahu,0,0,0
Oahu_Battery_Reg,2025-06-17 04:00,Oahu,0,0,0
Oahu_Battery_Reg,2025-06-17 06:00,Oahu,0,0,0
Oahu_Battery_Reg,2025-06-17 08:00,Oahu,0,0,0
Oahu_Battery_Reg,2025-06-17 10:00,Oahu,0,0,0
Oahu_Battery_Reg,2025-06-17 12:00,Oahu,0,0,0
Oahu_Battery_Reg,2025-06-17 14:00,Oahu,0,0,0
Oahu_Battery_Reg,2025-06-17 16:00,Oahu,0,0,0
Oahu_Battery_Reg,2025-06-17 18:00,Oahu,0,0,0
Oahu_Battery_Reg,2025-06-17 20:00,Oahu,0,0,0
Oahu_Battery_Reg,2025-06-17 22:00,Oahu,0,0,0
Oahu_Battery_Reg,2025-08-18 00:00,Oahu,0,0,0
Oahu_Battery_Reg,2025-08-18 02:00,Oahu,0,0,0
Oahu_Battery_Reg,2025-08-18 04:00,Oahu,0,0,0
Oahu_Battery_Reg,2025-08-18 06:00,Oahu,0,0,0
Oahu_Battery_Reg,2025-08-18 08:00,Oahu,0,0,0
Oahu_Battery_Reg,2025-08-18 10:00,Oahu,0,0,0
Oahu_Battery_Reg,2025-08-18 12:00,Oahu,0,0,0
Oahu_Battery_Reg,2025-08-18 14:00,Oahu,0,0,0
Oahu_Battery_Reg,2025-08-18 16:00,Oahu,0,0,0
Oahu_Battery_Reg,2025-08-18 18:00,Oahu,0,0,0
Oahu_Battery_Reg,2025-08-18 20:00,Oahu,0,0,0
Oahu_Battery_Reg,2025-08-18 22:00,Oahu,0,0,0
Oahu_Battery_Reg,2025-09-10 00:00,Oahu,0,0,0
Oahu_Battery_Reg,2025-09-10 02:00,Oahu,0,0,0
Oahu_Battery_Reg,2025-09-10 04:00,Oahu,0,0,0
Oahu_Battery_Reg,2025-09-10 06:00,Oahu,0,0,0
Oahu_Battery_Reg,2025-09-10 08:00,Oahu,0,0,0
Oahu_Battery_Reg,2025-09-10 10:00,Oahu,0,0,0
Oahu_Battery_Reg,2025-09-10 12:00,Oahu,0,0,0
Oahu_Battery_Reg,2025-09-10 14:00,Oahu,0,0,0
Oahu_Battery_Reg,2025-09-10 16:00,Oahu,0,0,0
Oahu_Battery_Reg,2025-09-10 18:00,Oahu,0,0,0
Oahu_Battery_Reg,2025-09-10 20:00,Oahu,0,0,0
Oahu_Battery_Reg,2025-09-10 22:00,Oahu,0,0,0
Oahu_Battery_Reg,2025-09-22 00:00,Oahu,0,0,0
Oahu_Battery_Reg,2025-09-22 02:00,Oahu,0,0,0
Oahu_Battery_Reg,2025-09-22 04:00,Oahu,0,0,0
Oahu_Battery_Reg,2025-09-22 06:00,Oahu,0,0,0
Oahu_Battery_Reg,2025-09-22 08:00,Oahu,0,0,0
Oahu_Battery_Reg,2025-09-22 10:00,Oahu,0,0,0
Oahu_Battery_Reg,2025-09-22 12:00,Oahu,0,0,0
Oahu_Battery_Reg,2025-09-22 14:00,Oahu,0,0,0
Oahu_Battery_Reg,2025-09-22 16:00,Oahu,0,0,0
Oahu_Battery_Reg,2025-09-22 18:00,Oahu,0,0,0
Oahu_Battery_Reg,2025-09-22 20:00,Oahu,0,0,0
Oahu_Battery_Reg,2025-09-22 22:00,Oahu,0,0,0
Oahu_Battery_Reg,2025-10-27 00:00,Oahu,0,0,0
Oahu_Battery_Reg,2025-10-27 02:00,Oahu,0,0,0
Oahu_Battery_Reg,2025-10-27 04:00,Oahu,0,0,0
Oahu_Battery_Reg,2025-10-27 06:00,Oahu,0,0,0
Oahu_Battery_Reg,2025-10-27 08:00,Oahu,0,0,0
Oahu_Battery_Reg,2025-10-27 10:00,Oahu,0,0,0
Oahu_Battery_Reg,2025-10-27 12:00,Oahu,0,0,0
Oahu_Battery_Reg,2025-10-27 14:00,Oahu,0,0,0
Oahu_Battery_Reg,2025-10-27 16:00,Oahu,0,0,0
Oahu_Battery_Reg,2025-10-27 18:00,Oahu,0,0,0
Oahu_Battery_Reg,2025-10-27 20:00,Oahu,0,0,0
Oahu_Battery_Reg,2025-10-27 22:00,Oahu,0,0,0
Oahu_Battery_Reg,2025-11-22 00:00,Oahu,0,0,0
Oahu_Battery_Reg,2025-11-22 02:00,Oahu,0,0,0
Oahu_Battery_Reg,2025-11-22 04:00,Oahu,0,0,0
Oahu_Battery_Reg,2025-11-22 06:00,Oahu,0,0,0
Oahu_Battery_Reg,2025-11-22 08:00,Oahu,0,0,0
Oahu_Battery_Reg,2025-11-22 10:00,Oahu,0,0,0
Oahu_Battery_Reg,2025-11-22 12:00,Oahu,0,0,0
Oahu_Battery_Reg,2025-11-22 14:00,Oahu,0,0,0
Oahu_Battery_Reg,2025-11-22 16:00,Oahu,0,0,0
Oahu_Battery_Reg,2025-11-22 18:00,Oahu,0,0,0
Oahu_Battery_Reg,2025-11-22 20:00,Oahu,0,0,0
Oahu_Battery_Reg,2025-11-22 22:00,Oahu,0,0,0
Oahu_Battery_Reg,2025-12-15 00:00,Oahu,0,0,0
Oahu_Battery_Reg,2025-12-15 02:00,Oahu,0,0,0
Oahu_Battery_Reg,2025-12-15 04:00,Oahu,0,0,0
Oahu_Battery_Reg,2025-12-15 06:00,Oahu,0,0,0
Oahu_Battery_Reg,2025-12-15 08:00,Oahu,0,0,0
Oahu_Battery_Reg,2025-12-15 10:00,Oahu,0,0,0
Oahu_Battery_Reg,2025-12-15 12:00,Oahu,0,0,0
Oahu_Battery_Reg,2025-12-15 14:00,Oahu,0,0,0
Oahu_Battery_Reg,2025-12-15 16:00,Oahu,0,0,0
Oahu_Battery_Reg,2025-12-15 18:00,Oahu,0,0,0
Oahu_Battery_Reg,2025-12-15 20:00,Oahu,0,0,0
Oahu_Battery_Reg,2025-12-15 22:00,Oahu,0,0,0
Oahu_Battery_Reg,2030-01-12 00:00,Oahu,0,0,0
Oahu_Battery_Reg,2030-01-12 02:00,Oahu,0,0,0
Oahu_Battery_Reg,2030-01-12 04:00,Oahu,0,0,0
Oahu_Battery_Reg,2030-01-12 06:00,Oahu,0,0,0
Oahu_Battery_Reg,2030-01-12 08:00,Oahu,0,0,0
Oahu_Battery_Reg,2030-01-12 10:00,Oahu,0,0,0
Oahu_Battery_Reg,2030-01-12 12:00,Oahu,0,0,0
Oahu_Battery_Reg,2030-01-12 14:00,Oahu,0,0,0
Oahu_Battery_Reg,2030-01-12 16:00,Oahu,0,0,0
Oahu_Battery_Reg,2030-01-12 18:00,Oahu,0,0,0
Oahu_Battery_Reg,2030-01-12 20:00,Oahu,0,0,0
Oahu_Battery_Reg,2030-01-12 22:00,Oahu,0,0,0
Oahu_Battery_Reg,2030-01-19 00:00,Oahu,0,0,0
Oahu_Battery_Reg,2030-01-19 02:00,Oahu,0,0,0
Oahu_Battery_Reg,2030-01-19 04:00,Oahu,0,0,0
Oahu_Battery_Reg,2030-01-19 06:00,Oahu,0,0,0
Oahu_Battery_Reg,2030-01-19 08:00,Oahu,0,0,0
Oahu_Battery_Reg,2030-01-19 10:00,Oahu,0,0,0
Oahu_Battery_Reg,2030-01-19 12:00,Oahu,0,0,0
Oahu_Battery_Reg,2030-01-19 14:00,Oahu,0,0,0
Oahu_Battery_Reg,2030-01-19 16:00,Oahu,0,0,0
Oahu_Battery_Reg,2030-01-19 18:00,Oahu,0,0,0
Oahu_Battery_Reg,2030-01-19 20:00,Oahu,0,0,0
Oahu_Battery_Reg,2030-01-19 22:00,Oahu,0,0,0
Oahu_Battery_Reg,2030-02-12 00:00,Oahu,0,0,0
Oahu_Battery_Reg,2030-02-12 02:00,Oahu,0,0,0
Oahu_Battery_Reg,2030-02-12 04:00,Oahu,0,0,0
Oahu_Battery_Reg,2030-02-12 06:00,Oahu,0,0,0
Oahu_Battery_Reg,2030-02-12 08:00,Oahu,0,0,0
Oahu_Battery_Reg,2030-02-12 10:00,Oahu,0,0,0
Oahu_Battery_Reg,2030-02-12 12:00,Oahu,0,0,0
Oahu_Battery_Reg,2030-02-12 14:00,Oahu,0,0,0
Oahu_Battery_Reg,2030-02-12 16:00,Oahu,0,0,0
Oahu_Battery_Reg,2030-02-12 18:00,Oahu,0,0,0
Oahu_Battery_Reg,2030-02-12 20:00,Oahu,0,0,0
Oahu_Battery_Reg,2030-02-12 22:00,Oahu,0,0,0
Oahu_Battery_Reg,2030-02-20 00:00,Oahu,0,0,0
Oahu_Battery_Reg,2030-02-20 02:00,Oahu,0,0,0
Oahu_Battery_Reg,2030-02-20 04:00,Oahu,0,0,0
Oahu_Battery_Reg,2030-02-20 06:00,Oahu,0,0,0
Oahu_Battery_Reg,2030-02-20 08:00,Oahu,0,0,0
Oahu_Battery_Reg,2030-02-20 10:00,Oahu,0,0,0
Oahu_Battery_Reg,2030-02-20 12:00,Oahu,0,0,0
Oahu_Battery_Reg,2030-02-20 14:00,Oahu,0,0,0
Oahu_Battery_Reg,2030-02-20 16:00,Oahu,0,0,0
Oahu_Battery_Reg,2030-02-20 18:00,Oahu,0,0,0
Oahu_Battery_Reg,2030-02-20 20:00,Oahu,0,0,0
Oahu_Battery_Reg,2030-02-20 22:00,Oahu,0,0,0
Oahu_Battery_Reg,2030-04-10 00:00,Oahu,0,0,0
Oahu_Battery_Reg,2030-04-10 02:00,Oahu,0,0,0
Oahu_Battery_Reg,2030-04-10 04:00,Oahu,0,0,0
Oahu_Battery_Reg,2030-04-10 06:00,Oahu,0,0,0
Oahu_Battery_Reg,2030-04-10 08:00,Oahu,0,0,0
Oahu_Battery_Reg,2030-04-10 10:00,Oahu,0,0,0
Oahu_Battery_Reg,2030-04-10 12:00,Oahu,0,0,0
Oahu_Battery_Reg,2030-04-10 14:00,Oahu,0,0,0
Oahu_Battery_Reg,2030-04-10 16:00,Oahu,0,0,0
Oahu_Battery_Reg,2030-04-10 18:00,Oahu,0,0,0
Oahu_Battery_Reg,2030-04-10 20:00,Oahu,0,0,0
Oahu_Battery_Reg,2030-04-10 22:00,Oahu,0,0,0
Oahu_Battery_Reg,2030-05-02 00:00,Oahu,0,0,0
Oahu_Battery_Reg,2030-05-02 02:00,Oahu,0,0,0
Oahu_Battery_Reg,2030-05-02 04:00,Oahu,0,0,0
Oahu_Battery_Reg,2030-05-02 06:00,Oahu,0,0,0
Oahu_Battery_Reg,2030-05-02 08:00,Oahu,0,0,0
Oahu_Battery_Reg,2030-05-02 10:00,Oahu,0,0,0
Oahu_Battery_Reg,2030-05-02 12:00,Oahu,0,0,0
Oahu_Battery_Reg,2030-05-02 14:00,Oahu,0,0,0
Oahu_Battery_Reg,2030-05-02 16:00,Oahu,0,0,0
Oahu_Battery_Reg,2030-05-02 18:00,Oahu,0,0,0
Oahu_Battery_Reg,2030-05-02 20:00,Oahu,0,0,0
Oahu_Battery_Reg,2030-05-02 22:00,Oahu,0,0,0
Oahu_Battery_Reg,2030-06-17 00:00,Oahu,0,0,0
Oahu_Battery_Reg,2030-06-17 02:00,Oahu,0,0,0
Oahu_Battery_Reg,2030-06-17 04:00,Oahu,0,0,0
Oahu_Battery_Reg,2030-06-17 06:00,Oahu,0,0,0
Oahu_Battery_Reg,2030-06-17 08:00,Oahu,0,0,0
Oahu_Battery_Reg,2030-06-17 10:00,Oahu,0,0,0
Oahu_Battery_Reg,2030-06-17 12:00,Oahu,0,0,0
Oahu_Battery_Reg,2030-06-17 14:00,Oahu,0,0,0
Oahu_Battery_Reg,2030-06-17 16:00,Oahu,0,0,0
Oahu_Battery_Reg,2030-06-17 18:00,Oahu,0,0,0
Oahu_Battery_Reg,2030-06-17 20:00,Oahu,0,0,0
Oahu_Battery_Reg,2030-06-17 22:00,Oahu,0,0,0
Oahu_Battery_Reg,2030-08-18 00:00,Oahu,0,0,0
Oahu_Battery_Reg,2030-08-18 02:00,Oahu,0,0,0
Oahu_Battery_Reg,2030-08-18 04:00,Oahu,0,0,0
Oahu_Battery_Reg,2030-08-18 06:00,Oahu,0,0,0
Oahu_Battery_Reg,2030-08-18 08:00,Oahu,0,0,0
Oahu_Battery_Reg,2030-08-18 10:00,Oahu,0,0,0
Oahu_Battery_Reg,2030-08-18 12:00,Oahu,0,0,0
Oahu_Battery_Reg,2030-08-18 14:00,Oahu,0,0,0
Oahu_Battery_Reg,2030-08-18 16:00,Oahu,0,0,0
Oahu_Battery_Reg,2030-08-18 18:00,Oahu,0,0,0
Oahu_Battery_Reg,2030-08-18 20:00,Oahu,0,0,0
Oahu_Battery_Reg,2030-08-18 22:00,Oahu,0,0,0
Oahu_Battery_Reg,2030-09-10 00:00,Oahu,0,0,0
Oahu_Battery_Reg,2030-09-10 02:00,Oahu,0,0,0
Oahu_Battery_Reg,2030-09-10 04:00,Oahu,0,0,0
Oahu_Battery_Reg,2030-09-10 06:00,Oahu,0,0,0
Oahu_Battery_Reg,2030-09-10 08:00,Oahu,0,0,0
Oahu_Battery_Reg,2030-09-10 10:00,Oahu,0,0,0
Oahu_Battery_Reg,2030-09-10 12:00,Oahu,0,0,0
Oahu_Battery_Reg,2030-09-10 14:00,Oahu,0,0,0
Oahu_Battery_Reg,2030-09-10 16:00,Oahu,0,0,0
Oahu_Battery_Reg,2030-09-10 18:00,Oahu,0,0,0
Oahu_Battery_Reg,2030-09-10 20:00,Oahu,0,0,0
Oahu_Battery_Reg,2030-09-10 22:00,Oahu,0,0,0
Oahu_Battery_Reg,2030-09-22 00:00,Oahu,0,0,0
Oahu_Battery_Reg,2030-09-22 02:00,Oahu,0,0,0
Oahu_Battery_Reg,2030-09-22 04:00,Oahu,0,0,0
Oahu_Battery_Reg,2030-09-22 06:00,Oahu,0,0,0
Oahu_Battery_Reg,2030-09-22 08:00,Oahu,0,0,0
Oahu_Battery_Reg,2030-09-22 10:00,Oahu,0,0,0
Oahu_Battery_Reg,2030-09-22 12:00,Oahu,0,0,0
Oahu_Battery_Reg,2030-09-22 14:00,Oahu,0,0,0
Oahu_Battery_Reg,2030-09-22 16:00,Oahu,0,0,0
Oahu_Battery_Reg,2030-09-22 18:00,Oahu,0,0,0
Oahu_Battery_Reg,2030-09-22 20:00,Oahu,0,0,0
Oahu_Battery_Reg,2030-09-22 22:00,Oahu,0,0,0
Oahu_Battery_Reg,2030-10-27 00:00,Oahu,0,0,0
Oahu_Battery_Reg,2030-10-27 02:00,Oahu,0,0,0
Oahu_Battery_Reg,2030-10-27 04:00,Oahu,0,0,0
Oahu_Battery_Reg,2030-10-27 06:00,Oahu,0,0,0
Oahu_Battery_Reg,2030-10-27 08:00,Oahu,0,0,0
Oahu_Battery_Reg,2030-10-27 10:00,Oahu,0,0,0
Oahu_Battery_Reg,2030-10-27 12:00,Oahu,0,0,0
Oahu_Battery_Reg,2030-10-27 14:00,Oahu,0,0,0
Oahu_Battery_Reg,2030-10-27 16:00,Oahu,0,0,0
Oahu_Battery_Reg,2030-10-27 18:00,Oahu,0,0,0
Oahu_Battery_Reg,2030-10-27 20:00,Oahu,0,0,0
Oahu_Battery_Reg,2030-10-27 22:00,Oahu,0,0,0
Oahu_Battery_Reg,2030-11-22 00:00,Oahu,0,0,0
Oahu_Battery_Reg,2030-11-22 02:00,Oahu,0,0,0
Oahu_Battery_Reg,2030-11-22 04:00,Oahu,0,0,0
Oahu_Battery_Reg,2030-11-22 06:00,Oahu,0,0,0
Oahu_Battery_Reg,2030-11-22 08:00,Oahu,0,0,0
Oahu_Battery_Reg,2030-11-22 10:00,Oahu,0,0,0
Oahu_Battery_Reg,2030-11-22 12:00,Oahu,0,0,0
Oahu_Battery_Reg,2030-11-22 14:00,Oahu,0,0,0
Oahu_Battery_Reg,2030-11-22 16:00,Oahu,0,0,0
Oahu_Battery_Reg,2030-11-22 18:00,Oahu,0,0,0
Oahu_Battery_Reg,2030-11-22 20:00,Oahu,0,0,0
Oahu_Battery_Reg,2030-11-22 22:00,Oahu,0,0,0
Oahu_Battery_Reg,2030-12-15 00:00,Oahu,0,0,0
Oahu_Battery_Reg,2030-12-15 02:00,Oahu,0,0,0
Oahu_Battery_Reg,2030-12-15 04:00,Oahu,0,0,0
Oahu_Battery_Reg,2030-12-15 06:00,Oahu,0,0,0
Oahu_Battery_Reg,2030-12-15 08:00,Oahu,0,0,0
Oahu_Battery_Reg,2030-12-15 10:00,Oahu,0,0,0
Oahu_Battery_Reg,2030-12-15 12:00,Oahu,0,0,0
Oahu_Battery_Reg,2030-12-15 14:00,Oahu,0,0,0
Oahu_Battery_Reg,2030-12-15 16:00,Oahu,0,0,0
Oahu_Battery_Reg,2030-12-15 18:00,Oahu,0,0,0
Oahu_Battery_Reg,2030-12-15 20:00,Oahu,0,0,0
Oahu_Battery_Reg,2030-12-15 22:00,Oahu,0,0,0
Oahu_Battery_Reg,2035-01-12 00:00,Oahu,0,0,0
Oahu_Battery_Reg,2035-01-12 02:00,Oahu,0,0,0
Oahu_Battery_Reg,2035-01-12 04:00,Oahu,0,0,0
Oahu_Battery_Reg,2035-01-12 06:00,Oahu,0,0,0
Oahu_Battery_Reg,2035-01-12 08:00,Oahu,0,0,0
Oahu_Battery_Reg,2035-01-12 10:00,Oahu,0,0,0
Oahu_Battery_Reg,2035-01-12 12:00,Oahu,0,0,0
Oahu_Battery_Reg,2035-01-12 14:00,Oahu,0,0,0
Oahu_Battery_Reg,2035-01-12 16:00,Oahu,0,0,0
Oahu_Battery_Reg,2035-01-12 18:00,Oahu,0,0,0
Oahu_Battery_Reg,2035-01-12 20:00,Oahu,0,0,0
Oahu_Battery_Reg,2035-01-12 22:00,Oahu,0,0,0
Oahu_Battery_Reg,2035-01-19 00:00,Oahu,0,0,0
Oahu_Battery_Reg,2035-01-19 02:00,Oahu,0,0,0
Oahu_Battery_Reg,2035-01-19 04:00,Oahu,0,0,0
Oahu_Battery_Reg,2035-01-19 06:00,Oahu,0,0,0
Oahu_Battery_Reg,2035-01-19 08:00,Oahu,0,0,0
Oahu_Battery_Reg,2035-01-19 10:00,Oahu,0,0,0
Oahu_Battery_Reg,2035-01-19 12:00,Oahu,0,0,0
Oahu_Battery_Reg,2035-01-19 14:00,Oahu,0,0,0
Oahu_Battery_Reg,2035-01-19 16:00,Oahu,0,0,0
Oahu_Battery_Reg,2035-01-19 18:00,Oahu,0,0,0
Oahu_Battery_Reg,2035-01-19 20:00,Oahu,0,0,0
Oahu_Battery_Reg,2035-01-19 22:00,Oahu,0,0,0
Oahu_Battery_Reg,2035-02-12 00:00,Oahu,0,0,0
Oahu_Battery_Reg,2035-02-12 02:00,Oahu,0,0,0
Oahu_Battery_Reg,2035-02-12 04:00,Oahu,0,0,0
Oahu_Battery_Reg,2035-02-12 06:00,Oahu,0,0,0
Oahu_Battery_Reg,2035-02-12 08:00,Oahu,0,0,0
Oahu_Battery_Reg,2035-02-12 10:00,Oahu,0,0,0
Oahu_Battery_Reg,2035-02-12 12:00,Oahu,0,0,0
Oahu_Battery_Reg,2035-02-12 14:00,Oahu,0,0,0
Oahu_Battery_Reg,2035-02-12 16:00,Oahu,0,0,0
Oahu_Battery_Reg,2035-02-12 18:00,Oahu,0,0,0
Oahu_Battery_Reg,2035-02-12 20:00,Oahu,0,0,0
Oahu_Battery_Reg,2035-02-12 22:00,Oahu,0,0,0
Oahu_Battery_Reg,2035-02-20 00:00,Oahu,0,0,0
Oahu_Battery_Reg,2035-02-20 02:00,Oahu,0,0,0
Oahu_Battery_Reg,2035-02-20 04:00,Oahu,0,0,0
Oahu_Battery_Reg,2035-02-20 06:00,Oahu,0,0,0
Oahu_Battery_Reg,2035-02-20 08:00,Oahu,0,0,0
Oahu_Battery_Reg,2035-02-20 10:00,Oahu,0,0,0
Oahu_Battery_Reg,2035-02-20 12:00,Oahu,0,0,0
Oahu_Battery_Reg,2035-02-20 14:00,Oahu,0,0,0
Oahu_Battery_Reg,2035-02-20 16:00,Oahu,0,0,0
Oahu_Battery_Reg,2035-02-20 18:00,Oahu,0,0,0
Oahu_Battery_Reg,2035-02-20 20:00,Oahu,0,0,0
Oahu_Battery_Reg,2035-02-20 22:00,Oahu,0,0,0
Oahu_Battery_Reg,2035-04-10 00:00,Oahu,0,0,0
Oahu_Battery_Reg,2035-04-10 02:00,Oahu,0,0,0
Oahu_Battery_Reg,2035-04-10 04:00,Oahu,0,0,0
Oahu_Battery_Reg,2035-04-10 06:00,Oahu,0,0,0
Oahu_Battery_Reg,2035-04-10 08:00,Oahu,0,0,0
Oahu_Battery_Reg,2035-04-10 10:00,Oahu,0,0,0
Oahu_Battery_Reg,2035-04-10 12:00,Oahu,0,0,0
Oahu_Battery_Reg,2035-04-10 14:00,Oahu,0,0,0
Oahu_Battery_Reg,2035-04-10 16:00,Oahu,0,0,0
Oahu_Battery_Reg,2035-04-10 18:00,Oahu,0,0,0
Oahu_Battery_Reg,2035-04-10 20:00,Oahu,0,0,0
Oahu_Battery_Reg,2035-04-10 22:00,Oahu,0,0,0
Oahu_Battery_Reg,2035-05-02 00:00,Oahu,0,0,0
Oahu_Battery_Reg,2035-05-02 02:00,Oahu,0,0,0
Oahu_Battery_Reg,2035-05-02 04:00,Oahu,0,0,0
Oahu_Battery_Reg,2035-05-02 06:00,Oahu,0,0,0
Oahu_Battery_Reg,2035-05-02 08:00,Oahu,0,0,0
Oahu_Battery_Reg,2035-05-02 10:00,Oahu,0,0,0
Oahu_Battery_Reg,2035-05-02 12:00,Oahu,0,0,0
Oahu_Battery_Reg,2035-05-02 14:00,Oahu,0,0,0
Oahu_Battery_Reg,2035-05-02 16:00,Oahu,0,0,0
Oahu_Battery_Reg,2035-05-02 18:00,Oahu,0,0,0
Oahu_Battery_Reg,2035-05-02 20:00,Oahu,0,0,0
Oahu_Battery_Reg,2035-05-02 22:00,Oahu,0,0,0
Oahu_Battery_Reg,2035-06-17 00:00,Oahu,0,0,0
Oahu_Battery_Reg,2035-06-17 02:00,Oahu,0,0,0
Oahu_Battery_Reg,2035-06-17 04:00,Oahu,0,0,0
Oahu_Battery_Reg,2035-06-17 06:00,Oahu,0,0,0
Oahu_Battery_Reg,2035-06-17 08:00,Oahu,0,0,0
Oahu_Battery_Reg,2035-06-17 10:00,Oahu,0,0,0
Oahu_Battery_Reg,2035-06-17 12:00,Oahu,0,0,0
Oahu_Battery_Reg,2035-06-17 14:00,Oahu,0,0,0
Oahu_Battery_Reg,2035-06-17 16:00,Oahu,0,0,0
Oahu_Battery_Reg,2035-06-17 18:00,Oahu,0,0,0
Oahu_Battery_Reg,2035-06-17 20:00,Oahu,0,0,0
Oahu_Battery_Reg,2035-06-17 22:00,Oahu,0,0,0
Oahu_Battery_Reg,2035-08-18 00:00,Oahu,0,0,0
Oahu_Battery_Reg,2035-08-18 02:00,Oahu,0,0,0
Oahu_Battery_Reg,2035-08-18 04:00,Oahu,0,0,0
Oahu_Battery_Reg,2035-08-18 06:00,Oahu,0,0,0
Oahu_Battery_Reg,2035-08-18 08:00,Oahu,0,0,0
Oahu_Battery_Reg,2035-08-18 10:00,Oahu,0,0,0
Oahu_Battery_Reg,2035-08-18 12:00,Oahu,0,0,0
Oahu_Battery_Reg,2035-08-18 14:00,Oahu,0,0,0
Oahu_Battery_Reg,2035-08-18 16:00,Oahu,0,0,0
Oahu_Battery_Reg,2035-08-18 18:00,Oahu,0,0,0
Oahu_Battery_Reg,2035-08-18 20:00,Oahu,0,0,0
Oahu_Battery_Reg,2035-08-18 22:00,Oahu,0,0,0
Oahu_Battery_Reg,2035-09-10 00:00,Oahu,0,0,0
Oahu_Battery_Reg,2035-09-10 02:00,Oahu,0,0,0
Oahu_Battery_Reg,2035-09-10 04:00,Oahu,0,0,0
Oahu_Battery_Reg,2035-09-10 06:00,Oahu,0,0,0
Oahu_Battery_Reg,2035-09-10 08:00,Oahu,0,0,0
Oahu_Battery_Reg,2035-09-10 10:00,Oahu,0,0,0
Oahu_Battery_Reg,2035-09-10 12:00,Oahu,0,0,0
Oahu_Battery_Reg,2035-09-10 14:00,Oahu,0,0,0
Oahu_Battery_Reg,2035-09-10 16:00,Oahu,0,0,0
Oahu_Battery_Reg,2035-09-10 18:00,Oahu,0,0,0
Oahu_Battery_Reg,2035-09-10 20:00,Oahu,0,0,0
Oahu_Battery_Reg,2035-09-10 22:00,Oahu,0,0,0
Oahu_Battery_Reg,2035-09-22 00:00,Oahu,0,0,0
Oahu_Battery_Reg,2035-09-22 02:00,Oahu,0,0,0
Oahu_Battery_Reg,2035-09-22 04:00,Oahu,0,0,0
Oahu_Battery_Reg,2035-09-22 06:00,Oahu,0,0,0
Oahu_Battery_Reg,2035-09-22 08:00,Oahu,0,0,0
Oahu_Battery_Reg,2035-09-22 10:00,Oahu,0,0,0
Oahu_Battery_Reg,2035-09-22 12:00,Oahu,0,0,0
Oahu_Battery_Reg,2035-09-22 14:00,Oahu,0,0,0
Oahu_Battery_Reg,2035-09-22 16:00,Oahu,0,0,0
Oahu_Battery_Reg,2035-09-22 18:00,Oahu,0,0,0
Oahu_Battery_Reg,2035-09-22 20:00,Oahu,0,0,0
Oahu_Battery_Reg,2035-09-22 22:00,Oahu,0,0,0
Oahu_Battery_Reg,2035-10-27 00:00,Oahu,0,0,0
Oahu_Battery_Reg,2035-10-27 02:00,Oahu,0,0,0
Oahu_Battery_Reg,2035-10-27 04:00,Oahu,0,0,0
Oahu_Battery_Reg,2035-10-27 06:00,Oahu,0,0,0
Oahu_Battery_Reg,2035-10-27 08:00,Oahu,0,0,0
Oahu_Battery_Reg,2035-10-27 10:00,Oahu,0,0,0
Oahu_Battery_Reg,2035-10-27 12:00,Oahu,0,0,0
Oahu_Battery_Reg,2035-10-27 14:00,Oahu,0,0,0
Oahu_Battery_Reg,2035-10-27 16:00,Oahu,0,0,0
Oahu_Battery_Reg,2035-10-27 18:00,Oahu,0,0,0
Oahu_Battery_Reg,2035-10-27 20:00,Oahu,0,0,0
Oahu_Battery_Reg,2035-10-27 22:00,Oahu,0,0,0
Oahu_Battery_Reg,2035-11-22 00:00,Oahu,0,0,0
Oahu_Battery_Reg,2035-11-22 02:00,Oahu,0,0,0
Oahu_Battery_Reg,2035-11-22 04:00,Oahu,0,0,0
Oahu_Battery_Reg,2035-11-22 06:00,Oahu,0,0,0
Oahu_Battery_Reg,2035-11-22 08:00,Oahu,0,0,0
Oahu_Battery_Reg,2035-11-22 10:00,Oahu,0,0,0
Oahu_Battery_Reg,2035-11-22 12:00,Oahu,0,0,0
Oahu_Battery_Reg,2035-11-22 14:00,Oahu,0,0,0
Oahu_Battery_Reg,2035-11-22 16:00,Oahu,0,0,0
Oahu_Battery_Reg,2035-11-22 18:00,Oahu,0,0,0
Oahu_Battery_Reg,2035-11-22 20:00,Oahu,0,0,0
Oahu_Battery_Reg,2035-11-22 22:00,Oahu,0,0,0
Oahu_Battery_Reg,2035-12-15 00:00,Oahu,0,0,0
Oahu_Battery_Reg,2035-12-15 02:00,Oahu,0,0,0
Oahu_Battery_Reg,2035-12-15 04:00,Oahu,0,0,0
Oahu_Battery_Reg,2035-12-15 06:00,Oahu,0,0,0
Oahu_Battery_Reg,2035-12-15 08:00,Oahu,0,0,0
Oahu_Battery_Reg,2035-12-15 10:00,Oahu,0,0,0
Oahu_Battery_Reg,2035-12-15 12:00,Oahu,0,0,0
Oahu_Battery_Reg,2035-12-15 14:00,Oahu,0,0,0
Oahu_Battery_Reg,2035-12-15 16:00,Oahu,0,0,0
Oahu_Battery_Reg,2035-12-15 18:00,Oahu,0,0,0
Oahu_Battery_Reg,2035-12-15 20:00,Oahu,0,0,0
Oahu_Battery_Reg,2035-12-15 22:00,Oahu,0,0,0
Oahu_Battery_Reg,2040-01-12 00:00,Oahu,0,0,0
Oahu_Battery_Reg,2040-01-12 02:00,Oahu,0,0,0
Oahu_Battery_Reg,2040-01-12 04:00,Oahu,0,0,0
Oahu_Battery_Reg,2040-01-12 06:00,Oahu,0,0,0
Oahu_Battery_Reg,2040-01-12 08:00,Oahu,0,0,0
Oahu_Battery_Reg,2040-01-12 10:00,Oahu,0,0,0
Oahu_Battery_Reg,2040-01-12 12:00,Oahu,0,0,0
Oahu_Battery_Reg,2040-01-12 14:00,Oahu,0,0,0
Oahu_Battery_Reg,2040-01-12 16:00,Oahu,0,0,0
Oahu_Battery_Reg,2040-01-12 18:00,Oahu,0,0,0
Oahu_Battery_Reg,2040-01-12 20:00,Oahu,0,0,0
Oahu_Battery_Reg,2040-01-12 22:00,Oahu,0,0,0
Oahu_Battery_Reg,2040-01-19 00:00,Oahu,0,0,0
Oahu_Battery_Reg,2040-01-19 02:00,Oahu,0,0,0
Oahu_Battery_Reg,2040-01-19 04:00,Oahu,0,0,0
Oahu_Battery_Reg,2040-01-19 06:00,Oahu,0,0,0
Oahu_Battery_Reg,2040-01-19 08:00,Oahu,0,0,0
Oahu_Battery_Reg,2040-01-19 10:00,Oahu,0,0,0
Oahu_Battery_Reg,2040-01-19 12:00,Oahu,0,0,0
Oahu_Battery_Reg,2040-01-19 14:00,Oahu,0,0,0
Oahu_Battery_Reg,2040-01-19 16:00,Oahu,0,0,0
Oahu_Battery_Reg,2040-01-19 18:00,Oahu,0,0,0
Oahu_Battery_Reg,2040-01-19 20:00,Oahu,0,0,0
Oahu_Battery_Reg,2040-01-19 22:00,Oahu,0,0,0
Oahu_Battery_Reg,2040-02-12 00:00,Oahu,0,0,0
Oahu_Battery_Reg,2040-02-12 02:00,Oahu,0,0,0
Oahu_Battery_Reg,2040-02-12 04:00,Oahu,0,0,0
Oahu_Battery_Reg,2040-02-12 06:00,Oahu,0,0,0
Oahu_Battery_Reg,2040-02-12 08:00,Oahu,0,0,0
Oahu_Battery_Reg,2040-02-12 10:00,Oahu,0,0,0
Oahu_Battery_Reg,2040-02-12 12:00,Oahu,0,0,0
Oahu_Battery_Reg,2040-02-12 14:00,Oahu,0,0,0
Oahu_Battery_Reg,2040-02-12 16:00,Oahu,0,0,0
Oahu_Battery_Reg,2040-02-12 18:00,Oahu,0,0,0
Oahu_Battery_Reg,2040-02-12 20:00,Oahu,0,0,0
Oahu_Battery_Reg,2040-02-12 22:00,Oahu,0,0,0
Oahu_Battery_Reg,2040-02-20 00:00,Oahu,0,0,0
Oahu_Battery_Reg,2040-02-20 02:00,Oahu,0,0,0
Oahu_Battery_Reg,2040-02-20 04:00,Oahu,0,0,0
Oahu_Battery_Reg,2040-02-20 06:00,Oahu,0,0,0
Oahu_Battery_Reg,2040-02-20 08:00,Oahu,0,0,0
Oahu_Battery_Reg,2040-02-20 10:00,Oahu,0,0,0
Oahu_Battery_Reg,2040-02-20 12:00,Oahu,0,0,0
Oahu_Battery_Reg,2040-02-20 14:00,Oahu,0,0,0
Oahu_Battery_Reg,2040-02-20 16:00,Oahu,0,0,0
Oahu_Battery_Reg,2040-02-20 18:00,Oahu,0,0,0
Oahu_Battery_Reg,2040-02-20 20:00,Oahu,0,0,0
Oahu_Battery_Reg,2040-02-20 22:00,Oahu,0,0,0
Oahu_Battery_Reg,2040-04-10 00:00,Oahu,0,0,0
Oahu_Battery_Reg,2040-04-10 02:00,Oahu,0,0,0
Oahu_Battery_Reg,2040-04-10 04:00,Oahu,0,0,0
Oahu_Battery_Reg,2040-04-10 06:00,Oahu,0,0,0
Oahu_Battery_Reg,2040-04-10 08:00,Oahu,0,0,0
Oahu_Battery_Reg,2040-04-10 10:00,Oahu,0,0,0
Oahu_Battery_Reg,2040-04-10 12:00,Oahu,0,0,0
Oahu_Battery_Reg,2040-04-10 14:00,Oahu,0,0,0
Oahu_Battery_Reg,2040-04-10 16:00,Oahu,0,0,0
Oahu_Battery_Reg,2040-04-10 18:00,Oahu,0,0,0
Oahu_Battery_Reg,2040-04-10 20:00,Oahu,0,0,0
Oahu_Battery_Reg,2040-04-10 22:00,Oahu,0,0,0
Oahu_Battery_Reg,2040-05-02 00:00,Oahu,0,0,0
Oahu_Battery_Reg,2040-05-02 02:00,Oahu,0,0,0
Oahu_Battery_Reg,2040-05-02 04:00,Oahu,0,0,0
Oahu_Battery_Reg,2040-05-02 06:00,Oahu,0,0,0
Oahu_Battery_Reg,2040-05-02 08:00,Oahu,0,0,0
Oahu_Battery_Reg,2040-05-02 10:00,Oahu,0,0,0
Oahu_Battery_Reg,2040-05-02 12:00,Oahu,0,0,0
Oahu_Battery_Reg,2040-05-02 14:00,Oahu,0,0,0
Oahu_Battery_Reg,2040-05-02 16:00,Oahu,0,0,0
Oahu_Battery_Reg,2040-05-02 18:00,Oahu,0,0,0
Oahu_Battery_Reg,2040-05-02 20:00,Oahu,0,0,0
Oahu_Battery_Reg,2040-05-02 22:00,Oahu,0,0,0
Oahu_Battery_Reg,2040-06-17 00:00,Oahu,0,0,0
Oahu_Battery_Reg,2040-06-17 02:00,Oahu,0,0,0
Oahu_Battery_Reg,2040-06-17 04:00,Oahu,0,0,0
Oahu_Battery_Reg,2040-06-17 06:00,Oahu,0,0,0
Oahu_Battery_Reg,2040-06-17 08:00,Oahu,0,0,0
Oahu_Battery_Reg,2040-06-17 10:00,Oahu,0,0,0
Oahu_Battery_Reg,2040-06-17 12:00,Oahu,0,0,0
Oahu_Battery_Reg,2040-06-17 14:00,Oahu,0,0,0
Oahu_Battery_Reg,2040-06-17 16:00,Oahu,0,0,0
Oahu_Battery_Reg,2040-06-17 18:00,Oahu,0,0,0
Oahu_Battery_Reg,2040-06-17 20:00,Oahu,0,0,0
Oahu_Battery_Reg,2040-06-17 22:00,Oahu,0,0,0
Oahu_Battery_Reg,2040-08-18 00:00,Oahu,0,0,0
Oahu_Battery_Reg,2040-08-18 02:00,Oahu,0,0,0
Oahu_Battery_Reg,2040-08-18 04:00,Oahu,0,0,0
Oahu_Battery_Reg,2040-08-18 06:00,Oahu,0,0,0
Oahu_Battery_Reg,2040-08-18 08:00,Oahu,0,0,0
Oahu_Battery_Reg,2040-08-18 10:00,Oahu,0,0,0
Oahu_Battery_Reg,2040-08-18 12:00,Oahu,0,0,0
Oahu_Battery_Reg,2040-08-18 14:00,Oahu,0,0,0
Oahu_Battery_Reg,2040-08-18 16:00,Oahu,0,0,0
Oahu_Battery_Reg,2040-08-18 18:00,Oahu,0,0,0
Oahu_Battery_Reg,2040-08-18 20:00,Oahu,0,0,0
Oahu_Battery_Reg,2040-08-18 22:00,Oahu,0,0,0
Oahu_Battery_Reg,2040-09-10 00:00,Oahu,0,0,0
Oahu_Battery_Reg,2040-09-10 02:00,Oahu,0,0,0
Oahu_Battery_Reg,2040-09-10 04:00,Oahu,0,0,0
Oahu_Battery_Reg,2040-09-10 06:00,Oahu,0,0,0
Oahu_Battery_Reg,2040-09-10 08:00,Oahu,0,0,0
Oahu_Battery_Reg,2040-09-10 10:00,Oahu,0,0,0
Oahu_Battery_Reg,2040-09-10 12:00,Oahu,0,0,0
Oahu_Battery_Reg,2040-09-10 14:00,Oahu,0,0,0
Oahu_Battery_Reg,2040-09-10 16:00,Oahu,0,0,0
Oahu_Battery_Reg,2040-09-10 18:00,Oahu,0,0,0
Oahu_Battery_Reg,2040-09-10 20:00,Oahu,0,0,0
Oahu_Battery_Reg,2040-09-10 22:00,Oahu,0,0,0
Oahu_Battery_Reg,2040-09-22 00:00,Oahu,0,0,0
Oahu_Battery_Reg,2040-09-22 02:00,Oahu,0,0,0
Oahu_Battery_Reg,2040-09-22 04:00,Oahu,0,0,0
Oahu_Battery_Reg,2040-09-22 06:00,Oahu,0,0,0
Oahu_Battery_Reg,2040-09-22 08:00,Oahu,0,0,0
Oahu_Battery_Reg,2040-09-22 10:00,Oahu,0,0,0
Oahu_Battery_Reg,2040-09-22 12:00,Oahu,0,0,0
Oahu_Battery_Reg,2040-09-22 14:00,Oahu,0,0,0
Oahu_Battery_Reg,2040-09-22 16:00,Oahu,0,0,0
Oahu_Battery_Reg,2040-09-22 18:00,Oahu,0,0,0
Oahu_Battery_Reg,2040-09-22 20:00,Oahu,0,0,0
Oahu_Battery_Reg,2040-09-22 22:00,Oahu,0,0,0
Oahu_Battery_Reg,2040-10-27 00:00,Oahu,0,0,0
Oahu_Battery_Reg,2040-10-27 02:00,Oahu,0,0,0
Oahu_Battery_Reg,2040-10-27 04:00,Oahu,0,0,0
Oahu_Battery_Reg,2040-10-27 06:00,Oahu,0,0,0
Oahu_Battery_Reg,2040-10-27 08:00,Oahu,0,0,0
Oahu_Battery_Reg,2040-10-27 10:00,Oahu,0,0,0
Oahu_Battery_Reg,2040-10-27 12:00,Oahu,0,0,0
Oahu_Battery_Reg,2040-10-27 14:00,Oahu,0,0,0
Oahu_Battery_Reg,2040-10-27 16:00,Oahu,0,0,0
Oahu_Battery_Reg,2040-10-27 18:00,Oahu,0,0,0
Oahu_Battery_Reg,2040-10-27 20:00,Oahu,0,0,0
Oahu_Battery_Reg,2040-10-27 22:00,Oahu,0,0,0
Oahu_Battery_Reg,2040-11-22 00:00,Oahu,0,0,0
Oahu_Battery_Reg,2040-11-22 02:00,Oahu,0,0,0
Oahu_Battery_Reg,2040-11-22 04:00,Oahu,0,0,0
Oahu_Battery_Reg,2040-11-22 06:00,Oahu,0,0,0
Oahu_Battery_Reg,2040-11-22 08:00,Oahu,0,0,0
Oahu_Battery_Reg,2040-11-22 10:00,Oahu,0,0,0
Oahu_Battery_Reg,2040-11-22 12:00,Oahu,0,0,0
Oahu_Battery_Reg,2040-11-22 14:00,Oahu,0,0,0
Oahu_Battery_Reg,2040-11-22 16:00,Oahu,0,0,0
Oahu_Battery_Reg,2040-11-22 18:00,Oahu,0,0,0
Oahu_Battery_Reg,2040-11-22 20:00,Oahu,0,0,0
Oahu_Battery_Reg,2040-11-22 22:00,Oahu,0,0,0
Oahu_Battery_Reg,2040-12-15 00:00,Oahu,0,0,0
Oahu_Battery_Reg,2040-12-15 02:00,Oahu,0,0,0
Oahu_Battery_Reg,2040-12-15 04:00,Oahu,0,0,0
Oahu_Battery_Reg,2040-12-15 06:00,Oahu,0,0,0
Oahu_Battery_Reg,2040-12-15 08:00,Oahu,0,0,0
Oahu_Battery_Reg,2040-12-15 10:00,Oahu,0,0,0
Oahu_Battery_Reg,2040-12-15 12:00,Oahu,0,0,0
Oahu_Battery_Reg,2040-12-15 14:00,Oahu,0,0,0
Oahu_Battery_Reg,2040-12-15 16:00,Oahu,0,0,0
Oahu_Battery_Reg,2040-12-15 18:00,Oahu,0,0,0
Oahu_Battery_Reg,2040-12-15 20:00,Oahu,0,0,0
Oahu_Battery_Reg,2040-12-15 22:00,Oahu,0,0,0
Oahu_Battery_Reg,2045-01-12 00:00,Oahu,0,0,0
Oahu_Battery_Reg,2045-01-12 02:00,Oahu,0,0,0
Oahu_Battery_Reg,2045-01-12 04:00,Oahu,0,0,0
Oahu_Battery_Reg,2045-01-12 06:00,Oahu,0,0,0
Oahu_Battery_Reg,2045-01-12 08:00,Oahu,0,0,0
Oahu_Battery_Reg,2045-01-12 10:00,Oahu,0,0,0
Oahu_Battery_Reg,2045-01-12 12:00,Oahu,0,0,0
Oahu_Battery_Reg,2045-01-12 14:00,Oahu,0,0,0
Oahu_Battery_Reg,2045-01-12 16:00,Oahu,0,0,0
Oahu_Battery_Reg,2045-01-12 18:00,Oahu,0,0,0
Oahu_Battery_Reg,2045-01-12 20:00,Oahu,0,0,0
Oahu_Battery_Reg,2045-01-12 22:00,Oahu,0,0,0
Oahu_Battery_Reg,2045-01-19 00:00,Oahu,0,0,0
Oahu_Battery_Reg,2045-01-19 02:00,Oahu,0,0,0
Oahu_Battery_Reg,2045-01-19 04:00,Oahu,0,0,0
Oahu_Battery_Reg,2045-01-19 06:00,Oahu,0,0,0
Oahu_Battery_Reg,2045-01-19 08:00,Oahu,0,0,0
Oahu_Battery_Reg,2045-01-19 10:00,Oahu,0,0,0
Oahu_Battery_Reg,2045-01-19 12:00,Oahu,0,0,0
Oahu_Battery_Reg,2045-01-19 14:00,Oahu,0,0,0
Oahu_Battery_Reg,2045-01-19 16:00,Oahu,0,0,0
Oahu_Battery_Reg,2045-01-19 18:00,Oahu,0,0,0
Oahu_Battery_Reg,2045-01-19 20:00,Oahu,0,0,0
Oahu_Battery_Reg,2045-01-19 22:00,Oahu,0,0,0
Oahu_Battery_Reg,2045-02-12 00:00,Oahu,0,0,0
Oahu_Battery_Reg,2045-02-12 02:00,Oahu,0,0,0
Oahu_Battery_Reg,2045-02-12 04:00,Oahu,0,0,0
Oahu_Battery_Reg,2045-02-12 06:00,Oahu,0,0,0
Oahu_Battery_Reg,2045-02-12 08:00,Oahu,0,0,0
Oahu_Battery_Reg,2045-02-12 10:00,Oahu,0,0,0
Oahu_Battery_Reg,2045-02-12 12:00,Oahu,0,0,0
Oahu_Battery_Reg,2045-02-12 14:00,Oahu,0,0,0
Oahu_Battery_Reg,2045-02-12 16:00,Oahu,0,0,0
Oahu_Battery_Reg,2045-02-12 18:00,Oahu,0,0,0
Oahu_Battery_Reg,2045-02-12 20:00,Oahu,0,0,0
Oahu_Battery_Reg,2045-02-12 22:00,Oahu,0,0,0
Oahu_Battery_Reg,2045-02-20 00:00,Oahu,0,0,0
Oahu_Battery_Reg,2045-02-20 02:00,Oahu,0,0,0
Oahu_Battery_Reg,2045-02-20 04:00,Oahu,0,0,0
Oahu_Battery_Reg,2045-02-20 06:00,Oahu,0,0,0
Oahu_Battery_Reg,2045-02-20 08:00,Oahu,0,0,0
Oahu_Battery_Reg,2045-02-20 10:00,Oahu,0,0,0
Oahu_Battery_Reg,2045-02-20 12:00,Oahu,0,0,0
Oahu_Battery_Reg,2045-02-20 14:00,Oahu,0,0,0
Oahu_Battery_Reg,2045-02-20 16:00,Oahu,0,0,0
Oahu_Battery_Reg,2045-02-20 18:00,Oahu,0,0,0
Oahu_Battery_Reg,2045-02-20 20:00,Oahu,0,0,0
Oahu_Battery_Reg,2045-02-20 22:00,Oahu,0,0,0
Oahu_Battery_Reg,2045-04-10 00:00,Oahu,0,0,0
Oahu_Battery_Reg,2045-04-10 02:00,Oahu,0,0,0
Oahu_Battery_Reg,2045-04-10 04:00,Oahu,0,0,0
Oahu_Battery_Reg,2045-04-10 06:00,Oahu,0,0,0
Oahu_Battery_Reg,2045-04-10 08:00,Oahu,0,0,0
Oahu_Battery_Reg,2045-04-10 10:00,Oahu,0,0,0
Oahu_Battery_Reg,2045-04-10 12:00,Oahu,0,0,0
Oahu_Battery_Reg,2045-04-10 14:00,Oahu,0,0,0
Oahu_Battery_Reg,2045-04-10 16:00,Oahu,0,0,0
Oahu_Battery_Reg,2045-04-10 18:00,Oahu,0,0,0
Oahu_Battery_Reg,2045-04-10 20:00,Oahu,0,0,0
Oahu_Battery_Reg,2045-04-10 22:00,Oahu,0,0,0
Oahu_Battery_Reg,2045-05-02 00:00,Oahu,0,0,0
Oahu_Battery_Reg,2045-05-02 02:00,Oahu,0,0,0
Oahu_Battery_Reg,2045-05-02 04:00,Oahu,0,0,0
Oahu_Battery_Reg,2045-05-02 06:00,Oahu,0,0,0
Oahu_Battery_Reg,2045-05-02 08:00,Oahu,0,0,0
Oahu_Battery_Reg,2045-05-02 10:00,Oahu,0,0,0
Oahu_Battery_Reg,2045-05-02 12:00,Oahu,0,0,0
Oahu_Battery_Reg,2045-05-02 14:00,Oahu,0,0,0
Oahu_Battery_Reg,2045-05-02 16:00,Oahu,0,0,0
Oahu_Battery_Reg,2045-05-02 18:00,Oahu,0,0,0
Oahu_Battery_Reg,2045-05-02 20:00,Oahu,0,0,0
Oahu_Battery_Reg,2045-05-02 22:00,Oahu,0,0,0
Oahu_Battery_Reg,2045-06-17 00:00,Oahu,0,0,0
Oahu_Battery_Reg,2045-06-17 02:00,Oahu,0,0,0
Oahu_Battery_Reg,2045-06-17 04:00,Oahu,0,0,0
Oahu_Battery_Reg,2045-06-17 06:00,Oahu,0,0,0
Oahu_Battery_Reg,2045-06-17 08:00,Oahu,0,0,0
Oahu_Battery_Reg,2045-06-17 10:00,Oahu,0,0,0
Oahu_Battery_Reg,2045-06-17 12:00,Oahu,0,0,0
Oahu_Battery_Reg,2045-06-17 14:00,Oahu,0,0,0
Oahu_Battery_Reg,2045-06-17 16:00,Oahu,0,0,0
Oahu_Battery_Reg,2045-06-17 18:00,Oahu,0,0,0
Oahu_Battery_Reg,2045-06-17 20:00,Oahu,0,0,0
Oahu_Battery_Reg,2045-06-17 22:00,Oahu,0,0,0
Oahu_Battery_Reg,2045-08-18 00:00,Oahu,0,0,0
Oahu_Battery_Reg,2045-08-18 02:00,Oahu,0,0,0
Oahu_Battery_Reg,2045-08-18 04:00,Oahu,0,0,0
Oahu_Battery_Reg,2045-08-18 06:00,Oahu,0,0,0
Oahu_Battery_Reg,2045-08-18 08:00,Oahu,0,0,0
Oahu_Battery_Reg,2045-08-18 10:00,Oahu,0,0,0
Oahu_Battery_Reg,2045-08-18 12:00,Oahu,0,0,0
Oahu_Battery_Reg,2045-08-18 14:00,Oahu,0,0,0
Oahu_Battery_Reg,2045-08-18 16:00,Oahu,0,0,0
Oahu_Battery_Reg,2045-08-18 18:00,Oahu,0,0,0
Oahu_Battery_Reg,2045-08-18 20:00,Oahu,0,0,0
Oahu_Battery_Reg,2045-08-18 22:00,Oahu,0,0,0
Oahu_Battery_Reg,2045-09-10 00:00,Oahu,0,0,0
Oahu_Battery_Reg,2045-09-10 02:00,Oahu,0,0,0
Oahu_Battery_Reg,2045-09-10 04:00,Oahu,0,0,0
Oahu_Battery_Reg,2045-09-10 06:00,Oahu,0,0,0
Oahu_Battery_Reg,2045-09-10 08:00,Oahu,0,0,0
Oahu_Battery_Reg,2045-09-10 10:00,Oahu,0,0,0
Oahu_Battery_Reg,2045-09-10 12:00,Oahu,0,0,0
Oahu_Battery_Reg,2045-09-10 14:00,Oahu,0,0,0
Oahu_Battery_Reg,2045-09-10 16:00,Oahu,0,0,0
Oahu_Battery_Reg,2045-09-10 18:00,Oahu,0,0,0
Oahu_Battery_Reg,2045-09-10 20:00,Oahu,0,0,0
Oahu_Battery_Reg,2045-09-10 22:00,Oahu,0,0,0
Oahu_Battery_Reg,2045-09-22 00:00,Oahu,0,0,0
Oahu_Battery_Reg,2045-09-22 02:00,Oahu,0,0,0
Oahu_Battery_Reg,2045-09-22 04:00,Oahu,0,0,0
Oahu_Battery_Reg,2045-09-22 06:00,Oahu,0,0,0
Oahu_Battery_Reg,2045-09-22 08:00,Oahu,0,0,0
Oahu_Battery_Reg,2045-09-22 10:00,Oahu,0,0,0
Oahu_Battery_Reg,2045-09-22 12:00,Oahu,0,0,0
Oahu_Battery_Reg,2045-09-22 14:00,Oahu,0,0,0
Oahu_Battery_Reg,2045-09-22 16:00,Oahu,0,0,0
Oahu_Battery_Reg,2045-09-22 18:00,Oahu,0,0,0
Oahu_Battery_Reg,2045-09-22 20:00,Oahu,0,0,0
Oahu_Battery_Reg,2045-09-22 22:00,Oahu,0,0,0
Oahu_Battery_Reg,2045-10-27 00:00,Oahu,0,0,0
Oahu_Battery_Reg,2045-10-27 02:00,Oahu,0,0,0
Oahu_Battery_Reg,2045-10-27 04:00,Oahu,0,0,0
Oahu_Battery_Reg,2045-10-27 06:00,Oahu,0,0,0
Oahu_Battery_Reg,2045-10-27 08:00,Oahu,0,0,0
Oahu_Battery_Reg,2045-10-27 10:00,Oahu,0,0,0
Oahu_Battery_Reg,2045-10-27 12:00,Oahu,0,0,0
Oahu_Battery_Reg,2045-10-27 14:00,Oahu,0,0,0
Oahu_Battery_Reg,2045-10-27 16:00,Oahu,0,0,0
Oahu_Battery_Reg,2045-10-27 18:00,Oahu,0,0,0
Oahu_Battery_Reg,2045-10-27 20:00,Oahu,0,0,0
Oahu_Battery_Reg,2045-10-27 22:00,Oahu,0,0,0
Oahu_Battery_Reg,2045-11-22 00:00,Oahu,0,0,0
Oahu_Battery_Reg,2045-11-22 02:00,Oahu,0,0,0
Oahu_Battery_Reg,2045-11-22 04:00,Oahu,0,0,0
Oahu_Battery_Reg,2045-11-22 06:00,Oahu,0,0,0
Oahu_Battery_Reg,2045-11-22 08:00,Oahu,0,0,0
Oahu_Battery_Reg,2045-11-22 10:00,Oahu,0,0,0
Oahu_Battery_Reg,2045-11-22 12:00,Oahu,0,0,0
Oahu_Battery_Reg,2045-11-22 14:00,Oahu,0,0,0
Oahu_Battery_Reg,2045-11-22 16:00,Oahu,0,0,0
Oahu_Battery_Reg,2045-11-22 18:00,Oahu,0,0,0
Oahu_Battery_Reg,2045-11-22 20:00,Oahu,0,0,0
Oahu_Battery_Reg,2045-11-22 22:00,Oahu,0,0,0
Oahu_Battery_Reg,2045-12-15 00:00,Oahu,0,0,0
Oahu_Battery_Reg,2045-12-15 02:00,Oahu,0,0,0
Oahu_Battery_Reg,2045-12-15 04:00,Oahu,0,0,0
Oahu_Battery_Reg,2045-12-15 06:00,Oahu,0,0,0
Oahu_Battery_Reg,2045-12-15 08:00,Oahu,0,0,0
Oahu_Battery_Reg,2045-12-15 10:00,Oahu,0,0,0
Oahu_Battery_Reg,2045-12-15 12:00,Oahu,0,0,0
Oahu_Battery_Reg,2045-12-15 14:00,Oahu,0,0,0
Oahu_Battery_Reg,2045-12-15 16:00,Oahu,0,0,0
Oahu_Battery_Reg,2045-12-15 18:00,Oahu,0,0,0
Oahu_Battery_Reg,2045-12-15 20:00,Oahu,0,0,0
Oahu_Battery_Reg,2045-12-15 22:00,Oahu,0,0,0
Oahu_Battery_Reg,2050-01-12 00:00,Oahu,0,0,0
Oahu_Battery_Reg,2050-01-12 02:00,Oahu,0,0,0
Oahu_Battery_Reg,2050-01-12 04:00,Oahu,0,0,0
Oahu_Battery_Reg,2050-01-12 06:00,Oahu,0,0,0
Oahu_Battery_Reg,2050-01-12 08:00,Oahu,0,0,0
Oahu_Battery_Reg,2050-01-12 10:00,Oahu,0,0,0
Oahu_Battery_Reg,2050-01-12 12:00,Oahu,0,0,0
Oahu_Battery_Reg,2050-01-12 14:00,Oahu,0,0,0
Oahu_Battery_Reg,2050-01-12 16:00,Oahu,0,0,0
Oahu_Battery_Reg,2050-01-12 18:00,Oahu,0,0,0
Oahu_Battery_Reg,2050-01-12 20:00,Oahu,0,0,0
Oahu_Battery_Reg,2050-01-12 22:00,Oahu,0,0,0
Oahu_Battery_Reg,2050-01-19 00:00,Oahu,0,0,0
Oahu_Battery_Reg,2050-01-19 02:00,Oahu,0,0,0
Oahu_Battery_Reg,2050-01-19 04:00,Oahu,0,0,0
Oahu_Battery_Reg,2050-01-19 06:00,Oahu,0,0,0
Oahu_Battery_Reg,2050-01-19 08:00,Oahu,0,0,0
Oahu_Battery_Reg,2050-01-19 10:00,Oahu,0,0,0
Oahu_Battery_Reg,2050-01-19 12:00,Oahu,0,0,0
Oahu_Battery_Reg,2050-01-19 14:00,Oahu,0,0,0
Oahu_Battery_Reg,2050-01-19 16:00,Oahu,0,0,0
Oahu_Battery_Reg,2050-01-19 18:00,Oahu,0,0,0
Oahu_Battery_Reg,2050-01-19 20:00,Oahu,0,0,0
Oahu_Battery_Reg,2050-01-19 22:00,Oahu,0,0,0
Oahu_Battery_Reg,2050-02-12 00:00,Oahu,0,0,0
Oahu_Battery_Reg,2050-02-12 02:00,Oahu,0,0,0
Oahu_Battery_Reg,2050-02-12 04:00,Oahu,0,0,0
Oahu_Battery_Reg,2050-02-12 06:00,Oahu,0,0,0
Oahu_Battery_Reg,2050-02-12 08:00,Oahu,0,0,0
Oahu_Battery_Reg,2050-02-12 10:00,Oahu,0,0,0
Oahu_Battery_Reg,2050-02-12 12:00,Oahu,0,0,0
Oahu_Battery_Reg,2050-02-12 14:00,Oahu,0,0,0
Oahu_Battery_Reg,2050-02-12 16:00,Oahu,0,0,0
Oahu_Battery_Reg,2050-02-12 18:00,Oahu,0,0,0
Oahu_Battery_Reg,2050-02-12 20:00,Oahu,0,0,0
Oahu_Battery_Reg,2050-02-12 22:00,Oahu,0,0,0
Oahu_Battery_Reg,2050-02-20 00:00,Oahu,0,0,0
Oahu_Battery_Reg,2050-02-20 02:00,Oahu,0,0,0
Oahu_Battery_Reg,2050-02-20 04:00,Oahu,0,0,0
Oahu_Battery_Reg,2050-02-20 06:00,Oahu,0,0,0
Oahu_Battery_Reg,2050-02-20 08:00,Oahu,0,0,0
Oahu_Battery_Reg,2050-02-20 10:00,Oahu,0,0,0
Oahu_Battery_Reg,2050-02-20 12:00,Oahu,0,0,0
Oahu_Battery_Reg,2050-02-20 14:00,Oahu,0,0,0
Oahu_Battery_Reg,2050-02-20 16:00,Oahu,0,0,0
Oahu_Battery_Reg,2050-02-20 18:00,Oahu,0,0,0
Oahu_Battery_Reg,2050-02-20 20:00,Oahu,0,0,0
Oahu_Battery_Reg,2050-02-20 22:00,Oahu,0,0,0
Oahu_Battery_Reg,2050-04-10 00:00,Oahu,0,0,0
Oahu_Battery_Reg,2050-04-10 02:00,Oahu,0,0,0
Oahu_Battery_Reg,2050-04-10 04:00,Oahu,0,0,0
Oahu_Battery_Reg,2050-04-10 06:00,Oahu,0,0,0
Oahu_Battery_Reg,2050-04-10 08:00,Oahu,0,0,0
Oahu_Battery_Reg,2050-04-10 10:00,Oahu,0,0,0
Oahu_Battery_Reg,2050-04-10 12:00,Oahu,0,0,0
Oahu_Battery_Reg,2050-04-10 14:00,Oahu,0,0,0
Oahu_Battery_Reg,2050-04-10 16:00,Oahu,0,0,0
Oahu_Battery_Reg,2050-04-10 18:00,Oahu,0,0,0
Oahu_Battery_Reg,2050-04-10 20:00,Oahu,0,0,0
Oahu_Battery_Reg,2050-04-10 22:00,Oahu,0,0,0
Oahu_Battery_Reg,2050-05-02 00:00,Oahu,0,0,0
Oahu_Battery_Reg,2050-05-02 02:00,Oahu,0,0,0
Oahu_Battery_Reg,2050-05-02 04:00,Oahu,0,0,0
Oahu_Battery_Reg,2050-05-02 06:00,Oahu,0,0,0
Oahu_Battery_Reg,2050-05-02 08:00,Oahu,0,0,0
Oahu_Battery_Reg,2050-05-02 10:00,Oahu,0,0,0
Oahu_Battery_Reg,2050-05-02 12:00,Oahu,0,0,0
Oahu_Battery_Reg,2050-05-02 14:00,Oahu,0,0,0
Oahu_Battery_Reg,2050-05-02 16:00,Oahu,0,0,0
Oahu_Battery_Reg,2050-05-02 18:00,Oahu,0,0,0
Oahu_Battery_Reg,2050-05-02 20:00,Oahu,0,0,0
Oahu_Battery_Reg,2050-05-02 22:00,Oahu,0,0,0
Oahu_Battery_Reg,2050-06-17 00:00,Oahu,0,0,0
Oahu_Battery_Reg,2050-06-17 02:00,Oahu,0,0,0
Oahu_Battery_Reg,2050-06-17 04:00,Oahu,0,0,0
Oahu_Battery_Reg,2050-06-17 06:00,Oahu,0,0,0
Oahu_Battery_Reg,2050-06-17 08:00,Oahu,0,0,0
Oahu_Battery_Reg,2050-06-17 10:00,Oahu,0,0,0
Oahu_Battery_Reg,2050-06-17 12:00,Oahu,0,0,0
Oahu_Battery_Reg,2050-06-17 14:00,Oahu,0,0,0
Oahu_Battery_Reg,2050-06-17 16:00,Oahu,0,0,0
Oahu_Battery_Reg,2050-06-17 18:00,Oahu,0,0,0
Oahu_Battery_Reg,2050-06-17 20:00,Oahu,0,0,0
Oahu_Battery_Reg,2050-06-17 22:00,Oahu,0,0,0
Oahu_Battery_Reg,2050-08-18 00:00,Oahu,0,0,0
Oahu_Battery_Reg,2050-08-18 02:00,Oahu,0,0,0
Oahu_Battery_Reg,2050-08-18 04:00,Oahu,0,0,0
Oahu_Battery_Reg,2050-08-18 06:00,Oahu,0,0,0
Oahu_Battery_Reg,2050-08-18 08:00,Oahu,0,0,0
Oahu_Battery_Reg,2050-08-18 10:00,Oahu,0,0,0
Oahu_Battery_Reg,2050-08-18 12:00,Oahu,0,0,0
Oahu_Battery_Reg,2050-08-18 14:00,Oahu,0,0,0
Oahu_Battery_Reg,2050-08-18 16:00,Oahu,0,0,0
Oahu_Battery_Reg,2050-08-18 18:00,Oahu,0,0,0
Oahu_Battery_Reg,2050-08-18 20:00,Oahu,0,0,0
Oahu_Battery_Reg,2050-08-18 22:00,Oahu,0,0,0
Oahu_Battery_Reg,2050-09-10 00:00,Oahu,0,0,0
Oahu_Battery_Reg,2050-09-10 02:00,Oahu,0,0,0
Oahu_Battery_Reg,2050-09-10 04:00,Oahu,0,0,0
Oahu_Battery_Reg,2050-09-10 06:00,Oahu,0,0,0
Oahu_Battery_Reg,2050-09-10 08:00,Oahu,0,0,0
Oahu_Battery_Reg,2050-09-10 10:00,Oahu,0,0,0
Oahu_Battery_Reg,2050-09-10 12:00,Oahu,0,0,0
Oahu_Battery_Reg,2050-09-10 14:00,Oahu,0,0,0
Oahu_Battery_Reg,2050-09-10 16:00,Oahu,0,0,0
Oahu_Battery_Reg,2050-09-10 18:00,Oahu,0,0,0
Oahu_Battery_Reg,2050-09-10 20:00,Oahu,0,0,0
Oahu_Battery_Reg,2050-09-10 22:00,Oahu,0,0,0
Oahu_Battery_Reg,2050-09-22 00:00,Oahu,0,0,0
Oahu_Battery_Reg,2050-09-22 02:00,Oahu,0,0,0
Oahu_Battery_Reg,2050-09-22 04:00,Oahu,0,0,0
Oahu_Battery_Reg,2050-09-22 06:00,Oahu,0,0,0
Oahu_Battery_Reg,2050-09-22 08:00,Oahu,0,0,0
Oahu_Battery_Reg,2050-09-22 10:00,Oahu,0,0,0
Oahu_Battery_Reg,2050-09-22 12:00,Oahu,0,0,0
Oahu_Battery_Reg,2050-09-22 14:00,Oahu,0,0,0
Oahu_Battery_Reg,2050-09-22 16:00,Oahu,0,0,0
Oahu_Battery_Reg,2050-09-22 18:00,Oahu,0,0,0
Oahu_Battery_Reg,2050-09-22 20:00,Oahu,0,0,0
Oahu_Battery_Reg,2050-09-22 22:00,Oahu,0,0,0
Oahu_Battery_Reg,2050-10-27 00:00,Oahu,0,0,0
Oahu_Battery_Reg,2050-10-27 02:00,Oahu,0,0,0
Oahu_Battery_Reg,2050-10-27 04:00,Oahu,0,0,0
Oahu_Battery_Reg,2050-10-27 06:00,Oahu,0,0,0
Oahu_Battery_Reg,2050-10-27 08:00,Oahu,0,0,0
Oahu_Battery_Reg,2050-10-27 10:00,Oahu,0,0,0
Oahu_Battery_Reg,2050-10-27 12:00,Oahu,0,0,0
Oahu_Battery_Reg,2050-10-27 14:00,Oahu,0,0,0
Oahu_Battery_Reg,2050-10-27 16:00,Oahu,0,0,0
Oahu_Battery_Reg,2050-10-27 18:00,Oahu,0,0,0
Oahu_Battery_Reg,2050-10-27 20:00,Oahu,0,0,0
Oahu_Battery_Reg,2050-10-27 22:00,Oahu,0,0,0
Oahu_Battery_Reg,2050-11-22 00:00,Oahu,0,0,0
Oahu_Battery_Reg,2050-11-22 02:00,Oahu,0,0,0
Oahu_Battery_Reg,2050-11-22 04:00,Oahu,0,0,0
Oahu_Battery_Reg,2050-11-22 06:00,Oahu,0,0,0
Oahu_Battery_Reg,2050-11-22 08:00,Oahu,0,0,0
Oahu_Battery_Reg,2050-11-22 10:00,Oahu,0,0,0
Oahu_Battery_Reg,2050-11-22 12:00,Oahu,0,0,0
Oahu_Battery_Reg,2050-11-22 14:00,Oahu,0,0,0
Oahu_Battery_Reg,2050-11-22 16:00,Oahu,0,0,0
Oahu_Battery_Reg,2050-11-22 18:00,Oahu,0,0,0
Oahu_Battery_Reg,2050-11-22 20:00,Oahu,0,0,0
Oahu_Battery_Reg,2050-11-22 22:00,Oahu,0,0,0
Oahu_Battery_Reg,2050-12-15 00:00,Oahu,0,0,0
Oahu_Battery_Reg,2050-12-15 02:00,Oahu,0,0,0
Oahu_Battery_Reg,2050-12-15 04:00,Oahu,0,0,0
Oahu_Battery_Reg,2050-12-15 06:00,Oahu,0,0,0
Oahu_Battery_Reg,2050-12-15 08:00,Oahu,0,0,0
Oahu_Battery_Reg,2050-12-15 10:00,Oahu,0,0,0
Oahu_Battery_Reg,2050-12-15 12:00,Oahu,0,0,0
Oahu_Battery_Reg,2050-12-15 14:00,Oahu,0,0,0
Oahu_Battery_Reg,2050-12-15 16:00,Oahu,0,0,0
Oahu_Battery_Reg,2050-12-15 18:00,Oahu,0,0,0
Oahu_Battery_Reg,2050-12-15 20:00,Oahu,0,0,0
Oahu_Battery_Reg,2050-12-15 22:00,Oahu,0,0,0
Oahu_DistBattery,2020-01-12 00:00,Oahu,0,0,70.2843
Oahu_DistBattery,2020-01-12 02:00,Oahu,37.75,0,138.234
Oahu_DistBattery,2020-01-12 04:00,Oahu,0,0,138.234
Oahu_DistBattery,2020-01-12 06:00,Oahu,0,0,138.234
Oahu_DistBattery,2020-01-12 08:00,Oahu,0,0,138.234
Oahu_DistBattery,2020-01-12 10:00,Oahu,0,0,138.234
Oahu_DistBattery,2020-01-12 12:00,Oahu,0,0,138.234
Oahu_DistBattery,2020-01-12 14:00,Oahu,7.86318,0,152.388
Oahu_DistBattery,2020-01-12 16:00,Oahu,0,0,152.388
Oahu_DistBattery,2020-01-12 18:00,Oahu,0,38.097,76.194
Oahu_DistBattery,2020-01-12 20:00,Oahu,0,2.95487,70.2843
Oahu_DistBattery,2020-01-12 22:00,Oahu,0,0,70.2843
Oahu_DistBattery,2020-01-19 00:00,Oahu,0,0,1.20001
Oahu_DistBattery,2020-01-19 02:00,Oahu,2.5,0,5.70001
Oahu_DistBattery,2020-01-19 04:00,Oahu,38.097,0,74.2746
Oahu_DistBattery,2020-01-19 06:00,Oahu,0,3.76321,66.7482
Oahu_DistBattery,2020-01-19 08:00,Oahu,0,0,66.7482
Oahu_DistBattery,2020-01-19 10:00,Oahu,0,0,66.7482
Oahu_DistBattery,2020-01-19 12:00,Oahu,5.24768,0,76.194
Oahu_DistBattery,2020-01-19 14:00,Oahu,0,0,76.194
Oahu_DistBattery,2020-01-19 16:00,Oahu,0,0,76.194
Oahu_DistBattery,2020-01-19 18:00,Oahu,0,38.097,0
Oahu_DistBattery,2020-01-19 20:00,Oahu,0,0,0
Oahu_DistBattery,2020-01-19 22:00,Oahu,0.666671,0,1.20001
Oahu_DistBattery,2020-02-12 00:00,Oahu,0,0,0
Oahu_DistBattery,2020-02-12 02:00,Oahu,15.2838,0,27.5109
Oahu_DistBattery,2020-02-12 04:00,Oahu,27.0462,0,76.194
Oahu_DistBattery,2020-02-12 06:00,Oahu,0,38.097,0
Oahu_DistBattery,2020-02-12 08:00,Oahu,8.466,0,15.2388
Oahu_DistBattery,2020-02-12 10:00,Oahu,38.097,0,83.8134
Oahu_DistBattery,2020-02-12 12:00,Oahu,38.097,0,152.388
Oahu_DistBattery,2020-02-12 14:00,Oahu,0,0,152.388
Oahu_DistBattery,2020-02-12 16:00,Oahu,0,0,152.388
Oahu_DistBattery,2020-02-12 18:00,Oahu,0,38.097,76.194
Oahu_DistBattery,2020-02-12 20:00,Oahu,0,38.097,0
Oahu_DistBattery,2020-02-12 22:00,Oahu,0,0,0
Oahu_DistBattery,2020-02-20 00:00,Oahu,0,0,6.87088
Oahu_DistBattery,2020-02-20 02:00,Oahu,0,0,6.87088
Oahu_DistBattery,2020-02-20 04:00,Oahu,38.097,0,75.4455
Oahu_DistBattery,2020-02-20 06:00,Oahu,0,37.7227,0
Oahu_DistBattery,2020-02-20 08:00,Oahu,0,0,0
Oahu_DistBattery,2020-02-20 10:00,Oahu,0,0,0
Oahu_DistBattery,2020-02-20 12:00,Oahu,38.097,0,68.5746
Oahu_DistBattery,2020-02-20 14:00,Oahu,0,0,68.5746
Oahu_DistBattery,2020-02-20 16:00,Oahu,17.7108,0,100.454
Oahu_DistBattery,2020-02-20 18:00,Oahu,0,38.097,24.2601
Oahu_DistBattery,2020-02-20 20:00,Oahu,0,8.6946,6.87088
Oahu_DistBattery,2020-02-20 22:00,Oahu,0,0,6.87088
Oahu_DistBattery,2020-04-10 00:00,Oahu,0,0,106.897
Oahu_DistBattery,2020-04-10 02:00,Oahu,0,0,106.897
Oahu_DistBattery,2020-04-10 04:00,Oahu,0,0,106.897
Oahu_DistBattery,2020-04-10 06:00,Oahu,0,0,106.897
Oahu_DistBattery,2020-04-10 08:00,Oahu,2.25887,0,110.963
Oahu_DistBattery,2020-04-10 10:00,Oahu,0,0,110.963
Oahu_DistBattery,2020-04-10 12:00,Oahu,0.980389,0,112.728
Oahu_DistBattery,2020-04-10 14:00,Oahu,22.0335,0,152.388
Oahu_DistBattery,2020-04-10 16:00,Oahu,0,0,152.388
Oahu_DistBattery,2020-04-10 18:00,Oahu,0,22.7455,106.897
Oahu_DistBattery,2020-04-10 20:00,Oahu,0,0,106.897
Oahu_DistBattery,2020-04-10 22:00,Oahu,0,0,106.897
Oahu_DistBattery,2020-05-02 00:00,Oahu,4.233,0,7.6194
Oahu_DistBattery,2020-05-02 02:00,Oahu,38.097,0,76.194
Oahu_DistBattery,2020-05-02 04:00,Oahu,0,0,76.194
Oahu_DistBattery,2020-05-02 06:00,Oahu,0,38.097,0
Oahu_DistBattery,2020-05-02 08:00,Oahu,0,0,0
Oahu_DistBattery,2020-05-02 10:00,Oahu,8.466,0,15.2388
Oahu_DistBattery,2020-05-02 12:00,Oahu,38.097,0,83.8134
Oahu_DistBattery,2020-05-02 14:00,Oahu,0,0,83.8134
Oahu_DistBattery,2020-05-02 16:00,Oahu,38.097,0,152.388
Oahu_DistBattery,2020-05-02 18:00,Oahu,0,38.097,76.194
Oahu_DistBattery,2020-05-02 20:00,Oahu,0,38.097,0
Oahu_DistBattery,2020-05-02 22:00,Oahu,0,0,0
Oahu_DistBattery,2020-06-17 00:00,Oahu,0,0,0
Oahu_DistBattery,2020-06-17 02:00,Oahu,0,0,0
Oahu_DistBattery,2020-06-17 04:00,Oahu,0,0,0
Oahu_DistBattery,2020-06-17 06:00,Oahu,0,0,0
Oahu_DistBattery,2020-06-17 08:00,Oahu,7.26423,0,13.0756
Oahu_DistBattery,2020-06-17 10:00,Oahu,38.097,0,81.6502
Oahu_DistBattery,2020-06-17 12:00,Oahu,0,0,81.6502
Oahu_DistBattery,2020-06-17 14:00,Oahu,0,0,81.6502
Oahu_DistBattery,2020-06-17 16:00,Oahu,20.1848,0,117.983
Oahu_DistBattery,2020-06-17 18:00,Oahu,0,20.8944,76.194
Oahu_DistBattery,2020-06-17 20:00,Oahu,0,38.097,0
Oahu_DistBattery,2020-06-17 22:00,Oahu,0,0,0
Oahu_DistBattery,2020-08-18 00:00,Oahu,0,0,0
Oahu_DistBattery,2020-08-18 02:00,Oahu,0,0,0
Oahu_DistBattery,2020-08-18 04:00,Oahu,0,0,0
Oahu_DistBattery,2020-08-18 06:00,Oahu,0,0,0
Oahu_DistBattery,2020-08-18 08:00,Oahu,0,0,0
Oahu_DistBattery,2020-08-18 10:00,Oahu,38.097,0,68.5746
Oahu_DistBattery,2020-08-18 12:00,Oahu,33.0134,0,127.999
Oahu_DistBattery,2020-08-18 14:00,Oahu,8.61871,0,143.512
Oahu_DistBattery,2020-08-18 16:00,Oahu,4.93087,0,152.388
Oahu_DistBattery,2020-08-18 18:00,Oahu,0,38.097,76.194
Oahu_DistBattery,2020-08-18 20:00,Oahu,0,38.097,0
Oahu_DistBattery,2020-08-18 22:00,Oahu,0,0,0
Oahu_DistBattery,2020-09-10 00:00,Oahu,0,0,0
Oahu_DistBattery,2020-09-10 02:00,Oahu,0,0,0
Oahu_DistBattery,2020-09-10 04:00,Oahu,0,0,0
Oahu_DistBattery,2020-09-10 06:00,Oahu,0,0,0
Oahu_DistBattery,2020-09-10 08:00,Oahu,0,0,0
Oahu_DistBattery,2020-09-10 10:00,Oahu,0,0,0
Oahu_DistBattery,2020-09-10 12:00,Oahu,23.2617,0,41.871
Oahu_DistBattery,2020-09-10 14:00,Oahu,0,0,41.871
Oahu_DistBattery,2020-09-10 16:00,Oahu,0,0,41.871
Oahu_DistBattery,2020-09-10 18:00,Oahu,0,20.9355,0
Oahu_DistBattery,2020-09-10 20:00,Oahu,0,0,0
Oahu_DistBattery,2020-09-10 22:00,Oahu,0,0,0
Oahu_DistBattery,2020-09-22 00:00,Oahu,0,0,0
Oahu_DistBattery,2020-09-22 02:00,Oahu,33.2131,0,59.7836
Oahu_DistBattery,2020-09-22 04:00,Oahu,0,0,59.7836
Oahu_DistBattery,2020-09-22 06:00,Oahu,0,29.8918,0
Oahu_DistBattery,2020-09-22 08:00,Oahu,0,0,0
Oahu_DistBattery,2020-09-22 10:00,Oahu,38.097,0,68.5746
Oahu_DistBattery,2020-09-22 12:00,Oahu,38.097,0,137.149
Oahu_DistBattery,2020-09-22 14:00,Oahu,0,0,137.149
Oahu_DistBattery,2020-09-22 16:00,Oahu,8.466,0,152.388
Oahu_DistBattery,2020-09-22 18:00,Oahu,0,38.097,76.194
Oahu_DistBattery,2020-09-22 20:00,Oahu,0,38.097,0
Oahu_DistBattery,2020-09-22 22:00,Oahu,0,0,0
Oahu_DistBattery,2020-10-27 00:00,Oahu,0,0,0
Oahu_DistBattery,2020-10-27 02:00,Oahu,1.12541,0,2.02573
Oahu_DistBattery,2020-10-27 04:00,Oahu,0,0,2.02573
Oahu_DistBattery,2020-10-27 06:00,Oahu,0,0,2.02573
Oahu_DistBattery,2020-10-27 08:00,Oahu,22.25,0,42.0757
Oahu_DistBattery,2020-10-27 10:00,Oahu,0,0,42.0757
Oahu_DistBattery,2020-10-27 12:00,Oahu,2.6,0,46.7557
Oahu_DistBattery,2020-10-27 14:00,Oahu,0,0,46.7557
Oahu_DistBattery,2020-10-27 16:00,Oahu,0,0,46.7557
Oahu_DistBattery,2020-10-27 18:00,Oahu,0,23.3779,0
Oahu_DistBattery,2020-10-27 20:00,Oahu,0,0,0
Oahu_DistBattery,2020-10-27 22:00,Oahu,0,0,0
Oahu_DistBattery,2020-11-22 00:00,Oahu,0,0,142.881
Oahu_DistBattery,2020-11-22 02:00,Oahu,0,0,142.881
Oahu_DistBattery,2020-11-22 04:00,Oahu,0,0,142.881
Oahu_DistBattery,2020-11-22 06:00,Oahu,0,0,142.881
Oahu_DistBattery,2020-11-22 08:00,Oahu,0,0,142.881
Oahu_DistBattery,2020-11-22 10:00,Oahu,0,0,142.881
Oahu_DistBattery,2020-11-22 12:00,Oahu,5.28162,0,152.388
Oahu_DistBattery,2020-11-22 14:00,Oahu,0,0,152.388
Oahu_DistBattery,2020-11-22 16:00,Oahu,0,0,152.388
Oahu_DistBattery,2020-11-22 18:00,Oahu,0,4.75346,142.881
Oahu_DistBattery,2020-11-22 20:00,Oahu,0,0,142.881
Oahu_DistBattery,2020-11-22 22:00,Oahu,0,0,142.881
Oahu_DistBattery,2020-12-15 00:00,Oahu,0,0,0
Oahu_DistBattery,2020-12-15 02:00,Oahu,0,0,0
Oahu_DistBattery,2020-12-15 04:00,Oahu,0,0,0
Oahu_DistBattery,2020-12-15 06:00,Oahu,0,0,0
Oahu_DistBattery,2020-12-15 08:00,Oahu,0,0,0
Oahu_DistBattery,2020-12-15 10:00,Oahu,0,0,0
Oahu_DistBattery,2020-12-15 12:00,Oahu,6.51272,0,11.7229
Oahu_DistBattery,2020-12-15 14:00,Oahu,0,0,11.7229
Oahu_DistBattery,2020-12-15 16:00,Oahu,0,0,11.7229
Oahu_DistBattery,2020-12-15 18:00,Oahu,0,5.86145,0
Oahu_DistBattery,2020-12-15 20:00,Oahu,0,0,0
Oahu_DistBattery,2020-12-15 22:00,Oahu,0,0,0
Oahu_DistBattery,2023-01-12 00:00,Oahu,0,0,0
Oahu_DistBattery,2023-01-12 02:00,Oahu,0,0,0
Oahu_DistBattery,2023-01-12 04:00,Oahu,0,0,0
Oahu_DistBattery,2023-01-12 06:00,Oahu,0,0,0
Oahu_DistBattery,2023-01-12 08:00,Oahu,0,0,0
Oahu_DistBattery,2023-01-12 10:00,Oahu,46.907,0,84.4326
Oahu_DistBattery,2023-01-12 12:00,Oahu,0,0,84.4326
Oahu_DistBattery,2023-01-12 14:00,Oahu,31.1844,0,140.565
Oahu_DistBattery,2023-01-12 16:00,Oahu,63.893,0,255.572
Oahu_DistBattery,2023-01-12 18:00,Oahu,0,40.7028,174.166
Oahu_DistBattery,2023-01-12 20:00,Oahu,0,63.893,46.3805
Oahu_DistBattery,2023-01-12 22:00,Oahu,0,23.1902,0
Oahu_DistBattery,2023-01-19 00:00,Oahu,0,0,0
Oahu_DistBattery,2023-01-19 02:00,Oahu,49.9819,0,89.9675
Oahu_DistBattery,2023-01-19 04:00,Oahu,0,0,89.9675
Oahu_DistBattery,2023-01-19 06:00,Oahu,0,8.61755,72.7323
Oahu_DistBattery,2023-01-19 08:00,Oahu,0,0,72.7323
Oahu_DistBattery,2023-01-19 10:00,Oahu,0,0,72.7323
Oahu_DistBattery,2023-01-19 12:00,Oahu,0,0,72.7323
Oahu_DistBattery,2023-01-19 14:00,Oahu,0,0,72.7323
Oahu_DistBattery,2023-01-19 16:00,Oahu,0,0,72.7323
Oahu_DistBattery,2023-01-19 18:00,Oahu,0,0,72.7323
Oahu_DistBattery,2023-01-19 20:00,Oahu,0,36.3662,0
Oahu_DistBattery,2023-01-19 22:00,Oahu,0,0,0
Oahu_DistBattery,2023-02-12 00:00,Oahu,14.0453,0,105.329
Oahu_DistBattery,2023-02-12 02:00,Oahu,12.4759,0,127.786
Oahu_DistBattery,2023-02-12 04:00,Oahu,0,0,127.786
Oahu_DistBattery,2023-02-12 06:00,Oahu,0,63.893,0
Oahu_DistBattery,2023-02-12 08:00,Oahu,0,0,0
Oahu_DistBattery,2023-02-12 10:00,Oahu,0,0,0
Oahu_DistBattery,2023-02-12 12:00,Oahu,63.893,0,115.007
Oahu_DistBattery,2023-02-12 14:00,Oahu,0,0,115.007
Oahu_DistBattery,2023-02-12 16:00,Oahu,63.893,0,230.015
Oahu_DistBattery,2023-02-12 18:00,Oahu,0,37.6885,154.638
Oahu_DistBattery,2023-02-12 20:00,Oahu,0,37.295,80.0478
Oahu_DistBattery,2023-02-12 22:00,Oahu,0,0,80.0478
Oahu_DistBattery,2023-02-20 00:00,Oahu,0,0,0
Oahu_DistBattery,2023-02-20 02:00,Oahu,0,0,0
Oahu_DistBattery,2023-02-20 04:00,Oahu,0,0,0
Oahu_DistBattery,2023-02-20 06:00,Oahu,0,0,0
Oahu_DistBattery,2023-02-20 08:00,Oahu,63.893,0,115.007
Oahu_DistBattery,2023-02-20 10:00,Oahu,47.4906,0,200.49
Oahu_DistBattery,2023-02-20 12:00,Oahu,0,0,200.49
Oahu_DistBattery,2023-02-20 14:00,Oahu,30.6009,0,255.572
Oahu_DistBattery,2023-02-20 16:00,Oahu,0,0,255.572
Oahu_DistBattery,2023-02-20 18:00,Oahu,0,56.3194,142.933
Oahu_DistBattery,2023-02-20 20:00,Oahu,0,50.9462,41.0408
Oahu_DistBattery,2023-02-20 22:00,Oahu,0,20.5204,0
Oahu_DistBattery,2023-04-10 00:00,Oahu,63.893,0,115.007
Oahu_DistBattery,2023-04-10 02:00,Oahu,0,0,115.007
Oahu_DistBattery,2023-04-10 04:00,Oahu,17.407,0,146.34
Oahu_DistBattery,2023-04-10 06:00,Oahu,0,39.0432,68.2535
Oahu_DistBattery,2023-04-10 08:00,Oahu,0,0,68.2535
Oahu_DistBattery,2023-04-10 10:00,Oahu,0,0,68.2535
Oahu_DistBattery,2023-04-10 12:00,Oahu,0,0,68.2535
Oahu_DistBattery,2023-04-10 14:00,Oahu,40.1728,0,140.565
Oahu_DistBattery,2023-04-10 16:00,Oahu,63.893,0,255.572
Oahu_DistBattery,2023-04-10 18:00,Oahu,0,63.893,127.786
Oahu_DistBattery,2023-04-10 20:00,Oahu,0,63.893,0
Oahu_DistBattery,2023-04-10 22:00,Oahu,0,0,0
Oahu_DistBattery,2023-05-02 00:00,Oahu,0,0,0
Oahu_DistBattery,2023-05-02 02:00,Oahu,20.4757,0,36.8563
Oahu_DistBattery,2023-05-02 04:00,Oahu,0,0,36.8563
Oahu_DistBattery,2023-05-02 06:00,Oahu,0,18.4281,0
Oahu_DistBattery,2023-05-02 08:00,Oahu,63.893,0,115.007
Oahu_DistBattery,2023-05-02 10:00,Oahu,0,0,115.007
Oahu_DistBattery,2023-05-02 12:00,Oahu,0,0,115.007
Oahu_DistBattery,2023-05-02 14:00,Oahu,63.893,0,230.015
Oahu_DistBattery,2023-05-02 16:00,Oahu,14.1984,0,255.572
Oahu_DistBattery,2023-05-02 18:00,Oahu,0,63.893,127.786
Oahu_DistBattery,2023-05-02 20:00,Oahu,0,0,127.786
Oahu_DistBattery,2023-05-02 22:00,Oahu,0,63.893,0
Oahu_DistBattery,2023-06-17 00:00,Oahu,0,0,114.248
Oahu_DistBattery,2023-06-17 02:00,Oahu,0,0,114.248
Oahu_DistBattery,2023-06-17 04:00,Oahu,0,0,114.248
Oahu_DistBattery,2023-06-17 06:00,Oahu,0,0,114.248
Oahu_DistBattery,2023-06-17 08:00,Oahu,14.6206,0,140.565
Oahu_DistBattery,2023-06-17 10:00,Oahu,63.893,0,255.572
Oahu_DistBattery,2023-06-17 12:00,Oahu,0,0,255.572
Oahu_DistBattery,2023-06-17 14:00,Oahu,0,0,255.572
Oahu_DistBattery,2023-06-17 16:00,Oahu,0,0,255.572
Oahu_DistBattery,2023-06-17 18:00,Oahu,0,63.893,127.786
Oahu_DistBattery,2023-06-17 20:00,Oahu,0,0,127.786
Oahu_DistBattery,2023-06-17 22:00,Oahu,0,6.76922,114.248
Oahu_DistBattery,2023-08-18 00:00,Oahu,0,0,42.0444
Oahu_DistBattery,2023-08-18 02:00,Oahu,0,0,42.0444
Oahu_DistBattery,2023-08-18 04:00,Oahu,0,0,42.0444
Oahu_DistBattery,2023-08-18 06:00,Oahu,0,8.24359,25.5572
Oahu_DistBattery,2023-08-18 08:00,Oahu,0,0,25.5572
Oahu_DistBattery,2023-08-18 10:00,Oahu,63.893,0,140.565
Oahu_DistBattery,2023-08-18 12:00,Oahu,63.893,0,255.572
Oahu_DistBattery,2023-08-18 14:00,Oahu,0,0,255.572
Oahu_DistBattery,2023-08-18 16:00,Oahu,0,0,255.572
Oahu_DistBattery,2023-08-18 18:00,Oahu,0,0,255.572
Oahu_DistBattery,2023-08-18 20:00,Oahu,0,42.8708,169.83
Oahu_DistBattery,2023-08-18 22:00,Oahu,0,63.893,42.0444
Oahu_DistBattery,2023-09-10 00:00,Oahu,0,0,0
Oahu_DistBattery,2023-09-10 02:00,Oahu,0,0,0
Oahu_DistBattery,2023-09-10 04:00,Oahu,0,0,0
Oahu_DistBattery,2023-09-10 06:00,Oahu,0,0,0
Oahu_DistBattery,2023-09-10 08:00,Oahu,0,0,0
Oahu_DistBattery,2023-09-10 10:00,Oahu,61.5,0,110.7
Oahu_DistBattery,2023-09-10 12:00,Oahu,0,0,110.7
Oahu_DistBattery,2023-09-10 14:00,Oahu,0,0,110.7
Oahu_DistBattery,2023-09-10 16:00,Oahu,0,0,110.7
Oahu_DistBattery,2023-09-10 18:00,Oahu,0,15.6355,79.429
Oahu_DistBattery,2023-09-10 20:00,Oahu,0,39.7145,0
Oahu_DistBattery,2023-09-10 22:00,Oahu,0,0,0
Oahu_DistBattery,2023-09-22 00:00,Oahu,0,0,0
Oahu_DistBattery,2023-09-22 02:00,Oahu,0,0,0
Oahu_DistBattery,2023-09-22 04:00,Oahu,0,0,0
Oahu_DistBattery,2023-09-22 06:00,Oahu,0,0,0
Oahu_DistBattery,2023-09-22 08:00,Oahu,0,0,0
Oahu_DistBattery,2023-09-22 10:00,Oahu,0,0,0
Oahu_DistBattery,2023-09-22 12:00,Oahu,0,0,0
Oahu_DistBattery,2023-09-22 14:00,Oahu,63.893,0,115.007
Oahu_DistBattery,2023-09-22 16:00,Oahu,0,0,115.007
Oahu_DistBattery,2023-09-22 18:00,Oahu,0,57.5037,0
Oahu_DistBattery,2023-09-22 20:00,Oahu,0,0,0
Oahu_DistBattery,2023-09-22 22:00,Oahu,0,0,0
Oahu_DistBattery,2023-10-27 00:00,Oahu,0,0,0
Oahu_DistBattery,2023-10-27 02:00,Oahu,0,0,0
Oahu_DistBattery,2023-10-27 04:00,Oahu,0,0,0
Oahu_DistBattery,2023-10-27 06:00,Oahu,0,0,0
Oahu_DistBattery,2023-10-27 08:00,Oahu,0,0,0
Oahu_DistBattery,2023-10-27 10:00,Oahu,0,0,0
Oahu_DistBattery,2023-10-27 12:00,Oahu,63.893,0,115.007
Oahu_DistBattery,2023-10-27 14:00,Oahu,0,0,115.007
Oahu_DistBattery,2023-10-27 16:00,Oahu,0,0,115.007
Oahu_DistBattery,2023-10-27 18:00,Oahu,0,57.5037,0
Oahu_DistBattery,2023-10-27 20:00,Oahu,0,0,0
Oahu_DistBattery,2023-10-27 22:00,Oahu,0,0,0
Oahu_DistBattery,2023-11-22 00:00,Oahu,5.46605,0,9.83888
Oahu_DistBattery,2023-11-22 02:00,Oahu,0,0,9.83888
Oahu_DistBattery,2023-11-22 04:00,Oahu,0,0,9.83888
Oahu_DistBattery,2023-11-22 06:00,Oahu,0,0,9.83888
Oahu_DistBattery,2023-11-22 08:00,Oahu,0,0,9.83888
Oahu_DistBattery,2023-11-22 10:00,Oahu,0,0,9.83888
Oahu_DistBattery,2023-11-22 12:00,Oahu,0,0,9.83888
Oahu_DistBattery,2023-11-22 14:00,Oahu,0,0,9.83888
Oahu_DistBattery,2023-11-22 16:00,Oahu,0,0,9.83888
Oahu_DistBattery,2023-11-22 18:00,Oahu,0,4.91944,0
Oahu_DistBattery,2023-11-22 20:00,Oahu,0,0,0
Oahu_DistBattery,2023-11-22 22:00,Oahu,0,0,0
Oahu_DistBattery,2023-12-15 00:00,Oahu,13.299,0,186.755
Oahu_DistBattery,2023-12-15 02:00,Oahu,0,0,186.755
Oahu_DistBattery,2023-12-15 04:00,Oahu,13.299,0,210.693
Oahu_DistBattery,2023-12-15 06:00,Oahu,0,35.0642,140.565
Oahu_DistBattery,2023-12-15 08:00,Oahu,0,0,140.565
Oahu_DistBattery,2023-12-15 10:00,Oahu,0,0,140.565
Oahu_DistBattery,2023-12-15 12:00,Oahu,0,0,140.565
Oahu_DistBattery,2023-12-15 14:00,Oahu,63.893,0,255.572
Oahu_DistBattery,2023-12-15 16:00,Oahu,0,0,255.572
Oahu_DistBattery,2023-12-15 18:00,Oahu,0,0,255.572
Oahu_DistBattery,2023-12-15 20:00,Oahu,0,46.3777,162.817
Oahu_DistBattery,2023-12-15 22:00,Oahu,0,0,162.817
Oahu_DistBattery,2025-01-12 00:00,Oahu,0,0,138.306
Oahu_DistBattery,2025-01-12 02:00,Oahu,3.34901,0,144.334
Oahu_DistBattery,2025-01-12 04:00,Oahu,0,0,144.334
Oahu_DistBattery,2025-01-12 06:00,Oahu,0,72.167,0
Oahu_DistBattery,2025-01-12 08:00,Oahu,72.167,0,129.901
Oahu_DistBattery,2025-01-12 10:00,Oahu,16.0371,0,158.767
Oahu_DistBattery,2025-01-12 12:00,Oahu,72.167,0,288.668
Oahu_DistBattery,2025-01-12 14:00,Oahu,0,0,288.668
Oahu_DistBattery,2025-01-12 16:00,Oahu,0,0,288.668
Oahu_DistBattery,2025-01-12 18:00,Oahu,0,0,288.668
Oahu_DistBattery,2025-01-12 20:00,Oahu,0,48.6031,191.462
Oahu_DistBattery,2025-01-12 22:00,Oahu,0,26.5781,138.306
Oahu_DistBattery,2025-01-19 00:00,Oahu,0,0,65.9605
Oahu_DistBattery,2025-01-19 02:00,Oahu,0,0,65.9605
Oahu_DistBattery,2025-01-19 04:00,Oahu,0,0,65.9605
Oahu_DistBattery,2025-01-19 06:00,Oahu,0,32.9802,0
Oahu_DistBattery,2025-01-19 08:00,Oahu,72.167,0,129.901
Oahu_DistBattery,2025-01-19 10:00,Oahu,16.0371,0,158.767
Oahu_DistBattery,2025-01-19 12:00,Oahu,72.167,0,288.668
Oahu_DistBattery,2025-01-19 14:00,Oahu,0,0,288.668
Oahu_DistBattery,2025-01-19 16:00,Oahu,0,0,288.668
Oahu_DistBattery,2025-01-19 18:00,Oahu,0,72.167,144.334
Oahu_DistBattery,2025-01-19 20:00,Oahu,0,39.1868,65.9605
Oahu_DistBattery,2025-01-19 22:00,Oahu,0,0,65.9605
Oahu_DistBattery,2025-02-12 00:00,Oahu,0,0,145.478
Oahu_DistBattery,2025-02-12 02:00,Oahu,0,0,145.478
Oahu_DistBattery,2025-02-12 04:00,Oahu,0,0.572086,144.334
Oahu_DistBattery,2025-02-12 06:00,Oahu,0,72.167,0
Oahu_DistBattery,2025-02-12 08:00,Oahu,67.15,0,120.87
Oahu_DistBattery,2025-02-12 10:00,Oahu,0,0,120.87
Oahu_DistBattery,2025-02-12 12:00,Oahu,21.427,0,159.439
Oahu_DistBattery,2025-02-12 14:00,Oahu,0,0,159.439
Oahu_DistBattery,2025-02-12 16:00,Oahu,0,0,159.439
Oahu_DistBattery,2025-02-12 18:00,Oahu,0,0,159.439
Oahu_DistBattery,2025-02-12 20:00,Oahu,0,0,159.439
Oahu_DistBattery,2025-02-12 22:00,Oahu,0,6.98021,145.478
Oahu_DistBattery,2025-02-20 00:00,Oahu,0,0,144.334
Oahu_DistBattery,2025-02-20 02:00,Oahu,0,0,144.334
Oahu_DistBattery,2025-02-20 04:00,Oahu,0,0,144.334
Oahu_DistBattery,2025-02-20 06:00,Oahu,0,72.167,0
Oahu_DistBattery,2025-02-20 08:00,Oahu,0,0,0
Oahu_DistBattery,2025-02-20 10:00,Oahu,72.167,0,129.901
Oahu_DistBattery,2025-02-20 12:00,Oahu,0,0,129.901
Oahu_DistBattery,2025-02-20 14:00,Oahu,72.167,0,259.801
Oahu_DistBattery,2025-02-20 16:00,Oahu,16.0371,0,288.668
Oahu_DistBattery,2025-02-20 18:00,Oahu,0,72.167,144.334
Oahu_DistBattery,2025-02-20 20:00,Oahu,0,0,144.334
Oahu_DistBattery,2025-02-20 22:00,Oahu,0,0,144.334
Oahu_DistBattery,2025-04-10 00:00,Oahu,54.85,0,144.334
Oahu_DistBattery,2025-04-10 02:00,Oahu,0,0,144.334
Oahu_DistBattery,2025-04-10 04:00,Oahu,0,0,144.334
Oahu_DistBattery,2025-04-10 06:00,Oahu,0,72.167,0
Oahu_DistBattery,2025-04-10 08:00,Oahu,0,0,0
Oahu_DistBattery,2025-04-10 10:00,Oahu,72.167,0,129.901
Oahu_DistBattery,2025-04-10 12:00,Oahu,56.7723,0,232.091
Oahu_DistBattery,2025-04-10 14:00,Oahu,0,0,232.091
Oahu_DistBattery,2025-04-10 16:00,Oahu,0,0,232.091
Oahu_DistBattery,2025-04-10 18:00,Oahu,0,21.0764,189.938
Oahu_DistBattery,2025-04-10 20:00,Oahu,0,72.167,45.604
Oahu_DistBattery,2025-04-10 22:00,Oahu,0,0,45.604
Oahu_DistBattery,2025-05-02 00:00,Oahu,0,18.1226,249.393
Oahu_DistBattery,2025-05-02 02:00,Oahu,0,0,249.393
Oahu_DistBattery,2025-05-02 04:00,Oahu,0,52.5293,144.334
Oahu_DistBattery,2025-05-02 06:00,Oahu,0,72.167,0
Oahu_DistBattery,2025-05-02 08:00,Oahu,72.167,0,129.901
Oahu_DistBattery,2025-05-02 10:00,Oahu,67.15,0,250.771
Oahu_DistBattery,2025-05-02 12:00,Oahu,0,0,250.771
Oahu_DistBattery,2025-05-02 14:00,Oahu,19.3707,0,285.638
Oahu_DistBattery,2025-05-02 16:00,Oahu,0,0,285.638
Oahu_DistBattery,2025-05-02 18:00,Oahu,0,0,285.638
Oahu_DistBattery,2025-05-02 20:00,Oahu,0,0,285.638
Oahu_DistBattery,2025-05-02 22:00,Oahu,0,0,285.638
Oahu_DistBattery,2025-06-17 00:00,Oahu,0,0,74.23
Oahu_DistBattery,2025-06-17 02:00,Oahu,0,0,74.23
Oahu_DistBattery,2025-06-17 04:00,Oahu,0,0,74.23
Oahu_DistBattery,2025-06-17 06:00,Oahu,0,37.115,0
Oahu_DistBattery,2025-06-17 08:00,Oahu,54.85,0,98.73
Oahu_DistBattery,2025-06-17 10:00,Oahu,72.167,0,228.631
Oahu_DistBattery,2025-06-17 12:00,Oahu,0,0,228.631
Oahu_DistBattery,2025-06-17 14:00,Oahu,0,0,228.631
Oahu_DistBattery,2025-06-17 16:00,Oahu,0,0,228.631
Oahu_DistBattery,2025-06-17 18:00,Oahu,0,11.3412,205.948
Oahu_DistBattery,2025-06-17 20:00,Oahu,0,0,205.948
Oahu_DistBattery,2025-06-17 22:00,Oahu,0,65.859,74.23
Oahu_DistBattery,2025-08-18 00:00,Oahu,0,0,216.503
Oahu_DistBattery,2025-08-18 02:00,Oahu,5.83285,0,227.002
Oahu_DistBattery,2025-08-18 04:00,Oahu,0,41.3339,144.334
Oahu_DistBattery,2025-08-18 06:00,Oahu,0,72.167,0
Oahu_DistBattery,2025-08-18 08:00,Oahu,32.4041,0,58.3274
Oahu_DistBattery,2025-08-18 10:00,Oahu,72.167,0,188.228
Oahu_DistBattery,2025-08-18 12:00,Oahu,55.8,0,288.668
Oahu_DistBattery,2025-08-18 14:00,Oahu,0,0,288.668
Oahu_DistBattery,2025-08-18 16:00,Oahu,0,0,288.668
Oahu_DistBattery,2025-08-18 18:00,Oahu,0,36.0826,216.503
Oahu_DistBattery,2025-08-18 20:00,Oahu,0,0,216.503
Oahu_DistBattery,2025-08-18 22:00,Oahu,0,0,216.503
Oahu_DistBattery,2025-09-10 00:00,Oahu,0,0,238.643
Oahu_DistBattery,2025-09-10 02:00,Oahu,0,0,238.643
Oahu_DistBattery,2025-09-10 04:00,Oahu,0,47.1543,144.334
Oahu_DistBattery,2025-09-10 06:00,Oahu,0,72.167,0
Oahu_DistBattery,2025-09-10 08:00,Oahu,72.167,0,129.901
Oahu_DistBattery,2025-09-10 10:00,Oahu,16.0371,0,158.767
Oahu_DistBattery,2025-09-10 12:00,Oahu,72.167,0,288.668
Oahu_DistBattery,2025-09-10 14:00,Oahu,0,0,288.668
Oahu_DistBattery,2025-09-10 16:00,Oahu,0,0,288.668
Oahu_DistBattery,2025-09-10 18:00,Oahu,0,0,288.668
Oahu_DistBattery,2025-09-10 20:00,Oahu,0,0,288.668
Oahu_DistBattery,2025-09-10 22:00,Oahu,0,25.0127,238.643
Oahu_DistBattery,2025-09-22 00:00,Oahu,0,0,184.488
Oahu_DistBattery,2025-09-22 02:00,Oahu,0,0,184.488
Oahu_DistBattery,2025-09-22 04:00,Oahu,0,20.0771,144.334
Oahu_DistBattery,2025-09-22 06:00,Oahu,0,72.167,0
Oahu_DistBattery,2025-09-22 08:00,Oahu,72.167,0,129.901
Oahu_DistBattery,2025-09-22 10:00,Oahu,0,0,129.901
Oahu_DistBattery,2025-09-22 12:00,Oahu,45.9541,0,212.618
Oahu_DistBattery,2025-09-22 14:00,Oahu,42.25,0,288.668
Oahu_DistBattery,2025-09-22 16:00,Oahu,0,0,288.668
Oahu_DistBattery,2025-09-22 18:00,Oahu,0,0,288.668
Oahu_DistBattery,2025-09-22 20:00,Oahu,0,0,288.668
Oahu_DistBattery,2025-09-22 22:00,Oahu,0,52.0899,184.488
Oahu_DistBattery,2025-10-27 00:00,Oahu,0,0,124.13
Oahu_DistBattery,2025-10-27 02:00,Oahu,0,0,124.13
Oahu_DistBattery,2025-10-27 04:00,Oahu,0,16.496,91.138
Oahu_DistBattery,2025-10-27 06:00,Oahu,0,45.569,0
Oahu_DistBattery,2025-10-27 08:00,Oahu,72.167,0,129.901
Oahu_DistBattery,2025-10-27 10:00,Oahu,72.167,0,259.801
Oahu_DistBattery,2025-10-27 12:00,Oahu,4.8127,0,268.464
Oahu_DistBattery,2025-10-27 14:00,Oahu,0,0,268.464
Oahu_DistBattery,2025-10-27 16:00,Oahu,0,0,268.464
Oahu_DistBattery,2025-10-27 18:00,Oahu,0,0,268.464
Oahu_DistBattery,2025-10-27 20:00,Oahu,0,0,268.464
Oahu_DistBattery,2025-10-27 22:00,Oahu,0,72.167,124.13
Oahu_DistBattery,2025-11-22 00:00,Oahu,0,0,158.767
Oahu_DistBattery,2025-11-22 02:00,Oahu,0,0,158.767
Oahu_DistBattery,2025-11-22 04:00,Oahu,0,0,158.767
Oahu_DistBattery,2025-11-22 06:00,Oahu,0,0,158.767
Oahu_DistBattery,2025-11-22 08:00,Oahu,0,0,158.767
Oahu_DistBattery,2025-11-22 10:00,Oahu,0,0,158.767
Oahu_DistBattery,2025-11-22 12:00,Oahu,72.167,0,288.668
Oahu_DistBattery,2025-11-22 14:00,Oahu,0,0,288.668
Oahu_DistBattery,2025-11-22 16:00,Oahu,0,0,288.668
Oahu_DistBattery,2025-11-22 18:00,Oahu,0,64.9503,158.767
Oahu_DistBattery,2025-11-22 20:00,Oahu,0,0,158.767
Oahu_DistBattery,2025-11-22 22:00,Oahu,0,0,158.767
Oahu_DistBattery,2025-12-15 00:00,Oahu,0,0,44.1596
Oahu_DistBattery,2025-12-15 02:00,Oahu,32.4079,0,102.494
Oahu_DistBattery,2025-12-15 04:00,Oahu,0,0,102.494
Oahu_DistBattery,2025-12-15 06:00,Oahu,0,51.2469,0
Oahu_DistBattery,2025-12-15 08:00,Oahu,16.0371,0,28.8668
Oahu_DistBattery,2025-12-15 10:00,Oahu,0,0,28.8668
Oahu_DistBattery,2025-12-15 12:00,Oahu,72.167,0,158.767
Oahu_DistBattery,2025-12-15 14:00,Oahu,72.167,0,288.668
Oahu_DistBattery,2025-12-15 16:00,Oahu,0,0,288.668
Oahu_DistBattery,2025-12-15 18:00,Oahu,0,50.0872,188.494
Oahu_DistBattery,2025-12-15 20:00,Oahu,0,0,188.494
Oahu_DistBattery,2025-12-15 22:00,Oahu,0,72.167,44.1596
Oahu_DistBattery,2030-01-12 00:00,Oahu,0,0,369.02
Oahu_DistBattery,2030-01-12 02:00,Oahu,0,78.956,211.108
Oahu_DistBattery,2030-01-12 04:00,Oahu,0,105.554,0
Oahu_DistBattery,2030-01-12 06:00,Oahu,0,0,0
Oahu_DistBattery,2030-01-12 08:00,Oahu,0,0,0
Oahu_DistBattery,2030-01-12 10:00,Oahu,84.0104,0,151.219
Oahu_DistBattery,2030-01-12 12:00,Oahu,45,0,232.219
Oahu_DistBattery,2030-01-12 14:00,Oahu,105.554,0,422.216
Oahu_DistBattery,2030-01-12 16:00,Oahu,0,0,422.216
Oahu_DistBattery,2030-01-12 18:00,Oahu,0,0,422.216
Oahu_DistBattery,2030-01-12 20:00,Oahu,0,0,422.216
Oahu_DistBattery,2030-01-12 22:00,Oahu,0,26.598,369.02
Oahu_DistBattery,2030-01-19 00:00,Oahu,0,22.3469,33.663
Oahu_DistBattery,2030-01-19 02:00,Oahu,0,0,33.663
Oahu_DistBattery,2030-01-19 04:00,Oahu,0,0,33.663
Oahu_DistBattery,2030-01-19 06:00,Oahu,0,0,33.663
Oahu_DistBattery,2030-01-19 08:00,Oahu,77.7588,0,173.629
Oahu_DistBattery,2030-01-19 10:00,Oahu,105.554,0,363.626
Oahu_DistBattery,2030-01-19 12:00,Oahu,32.55,0,422.216
Oahu_DistBattery,2030-01-19 14:00,Oahu,0,0,422.216
Oahu_DistBattery,2030-01-19 16:00,Oahu,0,0,422.216
Oahu_DistBattery,2030-01-19 18:00,Oahu,0,105.554,211.108
Oahu_DistBattery,2030-01-19 20:00,Oahu,0,66.3757,78.3567
Oahu_DistBattery,2030-01-19 22:00,Oahu,0,0,78.3567
Oahu_DistBattery,2030-02-12 00:00,Oahu,0,0,211.108
Oahu_DistBattery,2030-02-12 02:00,Oahu,0,0,211.108
Oahu_DistBattery,2030-02-12 04:00,Oahu,0,0,211.108
Oahu_DistBattery,2030-02-12 06:00,Oahu,0,105.554,0
Oahu_DistBattery,2030-02-12 08:00,Oahu,0,0,0
Oahu_DistBattery,2030-02-12 10:00,Oahu,105.554,0,189.997
Oahu_DistBattery,2030-02-12 12:00,Oahu,105.554,73.8878,232.219
Oahu_DistBattery,2030-02-12 14:00,Oahu,0,0,232.219
Oahu_DistBattery,2030-02-12 16:00,Oahu,105.554,0,422.216
Oahu_DistBattery,2030-02-12 18:00,Oahu,0,79.3495,263.517
Oahu_DistBattery,2030-02-12 20:00,Oahu,0,26.2045,211.108
Oahu_DistBattery,2030-02-12 22:00,Oahu,0,0,211.108
Oahu_DistBattery,2030-02-20 00:00,Oahu,0,0,242.216
Oahu_DistBattery,2030-02-20 02:00,Oahu,0,15.554,211.108
Oahu_DistBattery,2030-02-20 04:00,Oahu,0,0,211.108
Oahu_DistBattery,2030-02-20 06:00,Oahu,0,105.554,0
Oahu_DistBattery,2030-02-20 08:00,Oahu,45,0,81
Oahu_DistBattery,2030-02-20 10:00,Oahu,105.554,0,270.997
Oahu_DistBattery,2030-02-20 12:00,Oahu,0,0,270.997
Oahu_DistBattery,2030-02-20 14:00,Oahu,84.0104,0,422.216
Oahu_DistBattery,2030-02-20 16:00,Oahu,0,0,422.216
Oahu_DistBattery,2030-02-20 18:00,Oahu,0,0,422.216
Oahu_DistBattery,2030-02-20 20:00,Oahu,0,90,242.216
Oahu_DistBattery,2030-02-20 22:00,Oahu,0,0,242.216
Oahu_DistBattery,2030-04-10 00:00,Oahu,0,58.3116,305.593
Oahu_DistBattery,2030-04-10 02:00,Oahu,0,17.8016,269.989
Oahu_DistBattery,2030-04-10 04:00,Oahu,0,8.32994,253.33
Oahu_DistBattery,2030-04-10 06:00,Oahu,0,105.554,42.2216
Oahu_DistBattery,2030-04-10 08:00,Oahu,0,0,42.2216
Oahu_DistBattery,2030-04-10 10:00,Oahu,0,0,42.2216
Oahu_DistBattery,2030-04-10 12:00,Oahu,105.554,0,232.219
Oahu_DistBattery,2030-04-10 14:00,Oahu,105.554,0,422.216
Oahu_DistBattery,2030-04-10 16:00,Oahu,0,0,422.216
Oahu_DistBattery,2030-04-10 18:00,Oahu,0,0,422.216
Oahu_DistBattery,2030-04-10 20:00,Oahu,0,0,422.216
Oahu_DistBattery,2030-04-10 22:00,Oahu,0,0,422.216
Oahu_DistBattery,2030-05-02 00:00,Oahu,0,0,0
Oahu_DistBattery,2030-05-02 02:00,Oahu,0,0,0
Oahu_DistBattery,2030-05-02 04:00,Oahu,0,0,0
Oahu_DistBattery,2030-05-02 06:00,Oahu,0,0,0
Oahu_DistBattery,2030-05-02 08:00,Oahu,0,0,0
Oahu_DistBattery,2030-05-02 10:00,Oahu,105.554,0,189.997
Oahu_DistBattery,2030-05-02 12:00,Oahu,105.554,73.8878,232.219
Oahu_DistBattery,2030-05-02 14:00,Oahu,105.554,0,422.216
Oahu_DistBattery,2030-05-02 16:00,Oahu,0,0,422.216
Oahu_DistBattery,2030-05-02 18:00,Oahu,0,0,422.216
Oahu_DistBattery,2030-05-02 20:00,Oahu,0,105.554,211.108
Oahu_DistBattery,2030-05-02 22:00,Oahu,0,105.554,0
Oahu_DistBattery,2030-06-17 00:00,Oahu,0,0,422.216
Oahu_DistBattery,2030-06-17 02:00,Oahu,0,0,422.216
Oahu_DistBattery,2030-06-17 04:00,Oahu,0,105.554,211.108
Oahu_DistBattery,2030-06-17 06:00,Oahu,0,105.554,0
Oahu_DistBattery,2030-06-17 08:00,Oahu,105.554,0,189.997
Oahu_DistBattery,2030-06-17 10:00,Oahu,0,0,189.997
Oahu_DistBattery,2030-06-17 12:00,Oahu,105.554,0,379.994
Oahu_DistBattery,2030-06-17 14:00,Oahu,23.4564,0,422.216
Oahu_DistBattery,2030-06-17 16:00,Oahu,0,0,422.216
Oahu_DistBattery,2030-06-17 18:00,Oahu,0,0,422.216
Oahu_DistBattery,2030-06-17 20:00,Oahu,0,0,422.216
Oahu_DistBattery,2030-06-17 22:00,Oahu,0,0,422.216
Oahu_DistBattery,2030-08-18 00:00,Oahu,0,0,422.216
Oahu_DistBattery,2030-08-18 02:00,Oahu,0,105.554,211.108
Oahu_DistBattery,2030-08-18 04:00,Oahu,0,0,211.108
Oahu_DistBattery,2030-08-18 06:00,Oahu,0,105.554,0
Oahu_DistBattery,2030-08-18 08:00,Oahu,0,0,0
Oahu_DistBattery,2030-08-18 10:00,Oahu,105.554,0,189.997
Oahu_DistBattery,2030-08-18 12:00,Oahu,105.554,12.6392,354.716
Oahu_DistBattery,2030-08-18 14:00,Oahu,0,0,354.716
Oahu_DistBattery,2030-08-18 16:00,Oahu,37.5,0,422.216
Oahu_DistBattery,2030-08-18 18:00,Oahu,0,0,422.216
Oahu_DistBattery,2030-08-18 20:00,Oahu,0,0,422.216
Oahu_DistBattery,2030-08-18 22:00,Oahu,0,0,422.216
Oahu_DistBattery,2030-09-10 00:00,Oahu,0,0,211.108
Oahu_DistBattery,2030-09-10 02:00,Oahu,0,0,211.108
Oahu_DistBattery,2030-09-10 04:00,Oahu,0,0,211.108
Oahu_DistBattery,2030-09-10 06:00,Oahu,0,105.554,0
Oahu_DistBattery,2030-09-10 08:00,Oahu,0,0,0
Oahu_DistBattery,2030-09-10 10:00,Oahu,105.554,0,189.997
Oahu_DistBattery,2030-09-10 12:00,Oahu,45,0,270.997
Oahu_DistBattery,2030-09-10 14:00,Oahu,105.554,19.3892,422.216
Oahu_DistBattery,2030-09-10 16:00,Oahu,0,0,422.216
Oahu_DistBattery,2030-09-10 18:00,Oahu,0,105.554,211.108
Oahu_DistBattery,2030-09-10 20:00,Oahu,0,0,211.108
Oahu_DistBattery,2030-09-10 22:00,Oahu,0,0,211.108
Oahu_DistBattery,2030-09-22 00:00,Oahu,0,78.956,101.722
Oahu_DistBattery,2030-09-22 02:00,Oahu,0,0,101.722
Oahu_DistBattery,2030-09-22 04:00,Oahu,0,0,101.722
Oahu_DistBattery,2030-09-22 06:00,Oahu,0,50.8609,0
Oahu_DistBattery,2030-09-22 08:00,Oahu,14.586,0,26.2549
Oahu_DistBattery,2030-09-22 10:00,Oahu,105.554,0,216.252
Oahu_DistBattery,2030-09-22 12:00,Oahu,105.554,87.0152,232.219
Oahu_DistBattery,2030-09-22 14:00,Oahu,0,0,232.219
Oahu_DistBattery,2030-09-22 16:00,Oahu,105.554,0,422.216
Oahu_DistBattery,2030-09-22 18:00,Oahu,0,81.2911,259.634
Oahu_DistBattery,2030-09-22 20:00,Oahu,0,0,259.634
Oahu_DistBattery,2030-09-22 22:00,Oahu,0,0,259.634
Oahu_DistBattery,2030-10-27 00:00,Oahu,0,0,422.216
Oahu_DistBattery,2030-10-27 02:00,Oahu,0,105.554,211.108
Oahu_DistBattery,2030-10-27 04:00,Oahu,0,0,211.108
Oahu_DistBattery,2030-10-27 06:00,Oahu,0,105.554,0
Oahu_DistBattery,2030-10-27 08:00,Oahu,105.554,0,189.997
Oahu_DistBattery,2030-10-27 10:00,Oahu,0,0,189.997
Oahu_DistBattery,2030-10-27 12:00,Oahu,105.554,0,379.994
Oahu_DistBattery,2030-10-27 14:00,Oahu,0,0,379.994
Oahu_DistBattery,2030-10-27 16:00,Oahu,23.4564,0,422.216
Oahu_DistBattery,2030-10-27 18:00,Oahu,0,0,422.216
Oahu_DistBattery,2030-10-27 20:00,Oahu,0,0,422.216
Oahu_DistBattery,2030-10-27 22:00,Oahu,0,0,422.216
Oahu_DistBattery,2030-11-22 00:00,Oahu,0,0,0
Oahu_DistBattery,2030-11-22 02:00,Oahu,0,0,0
Oahu_DistBattery,2030-11-22 04:00,Oahu,0,0,0
Oahu_DistBattery,2030-11-22 06:00,Oahu,0,0,0
Oahu_DistBattery,2030-11-22 08:00,Oahu,0,0,0
Oahu_DistBattery,2030-11-22 10:00,Oahu,105.554,0,189.997
Oahu_DistBattery,2030-11-22 12:00,Oahu,0,0,189.997
Oahu_DistBattery,2030-11-22 14:00,Oahu,50.05,0,280.087
Oahu_DistBattery,2030-11-22 16:00,Oahu,19.773,0,315.679
Oahu_DistBattery,2030-11-22 18:00,Oahu,0,0,315.679
Oahu_DistBattery,2030-11-22 20:00,Oahu,0,105.554,104.571
Oahu_DistBattery,2030-11-22 22:00,Oahu,0,52.2853,0
Oahu_DistBattery,2030-12-15 00:00,Oahu,0,0,211.108
Oahu_DistBattery,2030-12-15 02:00,Oahu,0,0,211.108
Oahu_DistBattery,2030-12-15 04:00,Oahu,0,105.554,0
Oahu_DistBattery,2030-12-15 06:00,Oahu,0,0,0
Oahu_DistBattery,2030-12-15 08:00,Oahu,0,0,0
Oahu_DistBattery,2030-12-15 10:00,Oahu,23.4564,0,42.2216
Oahu_DistBattery,2030-12-15 12:00,Oahu,105.554,0,232.219
Oahu_DistBattery,2030-12-15 14:00,Oahu,105.554,0,422.216
Oahu_DistBattery,2030-12-15 16:00,Oahu,0,0,422.216
Oahu_DistBattery,2030-12-15 18:00,Oahu,0,0,422.216
Oahu_DistBattery,2030-12-15 20:00,Oahu,0,105.554,211.108
Oahu_DistBattery,2030-12-15 22:00,Oahu,0,0,211.108
Oahu_DistBattery,2035-01-12 00:00,Oahu,0,0,300.886
Oahu_DistBattery,2035-01-12 02:00,Oahu,0,0,300.886
Oahu_DistBattery,2035-01-12 04:00,Oahu,0,0,300.886
Oahu_DistBattery,2035-01-12 06:00,Oahu,0,150.443,0
Oahu_DistBattery,2035-01-12 08:00,Oahu,0,0,0
Oahu_DistBattery,2035-01-12 10:00,Oahu,150.443,0,270.797
Oahu_DistBattery,2035-01-12 12:00,Oahu,45,0,351.797
Oahu_DistBattery,2035-01-12 14:00,Oahu,133.139,0,591.448
Oahu_DistBattery,2035-01-12 16:00,Oahu,5.73545,0,601.772
Oahu_DistBattery,2035-01-12 18:00,Oahu,0,150.443,300.886
Oahu_DistBattery,2035-01-12 20:00,Oahu,0,0,300.886
Oahu_DistBattery,2035-01-12 22:00,Oahu,0,0,300.886
Oahu_DistBattery,2035-01-19 00:00,Oahu,0,0,381.278
Oahu_DistBattery,2035-01-19 02:00,Oahu,0,0,381.278
Oahu_DistBattery,2035-01-19 04:00,Oahu,0,40.1958,300.886
Oahu_DistBattery,2035-01-19 06:00,Oahu,0,150.443,0
Oahu_DistBattery,2035-01-19 08:00,Oahu,150.443,0,270.797
Oahu_DistBattery,2035-01-19 10:00,Oahu,150.443,0,541.595
Oahu_DistBattery,2035-01-19 12:00,Oahu,13.3318,0,565.592
Oahu_DistBattery,2035-01-19 14:00,Oahu,20.1,0,601.772
Oahu_DistBattery,2035-01-19 16:00,Oahu,0,0,601.772
Oahu_DistBattery,2035-01-19 18:00,Oahu,0,0,601.772
Oahu_DistBattery,2035-01-19 20:00,Oahu,0,0,601.772
Oahu_DistBattery,2035-01-19 22:00,Oahu,0,110.247,381.278
Oahu_DistBattery,2035-02-12 00:00,Oahu,0,0,336.886
Oahu_DistBattery,2035-02-12 02:00,Oahu,0,0,336.886
Oahu_DistBattery,2035-02-12 04:00,Oahu,0,18,300.886
Oahu_DistBattery,2035-02-12 06:00,Oahu,0,150.443,0
Oahu_DistBattery,2035-02-12 08:00,Oahu,31.7721,0,57.1898
Oahu_DistBattery,2035-02-12 10:00,Oahu,150.443,133.905,60.1772
Oahu_DistBattery,2035-02-12 12:00,Oahu,0,0,60.1772
Oahu_DistBattery,2035-02-12 14:00,Oahu,150.443,0,330.975
Oahu_DistBattery,2035-02-12 16:00,Oahu,150.443,0,601.772
Oahu_DistBattery,2035-02-12 18:00,Oahu,0,132.443,336.886
Oahu_DistBattery,2035-02-12 20:00,Oahu,0,0,336.886
Oahu_DistBattery,2035-02-12 22:00,Oahu,0,0,336.886
Oahu_DistBattery,2035-02-20 00:00,Oahu,0,0,447.9
Oahu_DistBattery,2035-02-20 02:00,Oahu,0,0,447.9
Oahu_DistBattery,2035-02-20 04:00,Oahu,0,150.443,147.014
Oahu_DistBattery,2035-02-20 06:00,Oahu,0,73.5069,0
Oahu_DistBattery,2035-02-20 08:00,Oahu,0,0,0
Oahu_DistBattery,2035-02-20 10:00,Oahu,150.443,0,270.797
Oahu_DistBattery,2035-02-20 12:00,Oahu,33.4318,0,330.975
Oahu_DistBattery,2035-02-20 14:00,Oahu,150.443,0,601.772
Oahu_DistBattery,2035-02-20 16:00,Oahu,0,0,601.772
Oahu_DistBattery,2035-02-20 18:00,Oahu,0,76.9361,447.9
Oahu_DistBattery,2035-02-20 20:00,Oahu,0,0,447.9
Oahu_DistBattery,2035-02-20 22:00,Oahu,0,0,447.9
Oahu_DistBattery,2035-04-10 00:00,Oahu,0,0,601.772
Oahu_DistBattery,2035-04-10 02:00,Oahu,0,45.81,510.152
Oahu_DistBattery,2035-04-10 04:00,Oahu,0,108.326,293.5
Oahu_DistBattery,2035-04-10 06:00,Oahu,0,140.478,12.5449
Oahu_DistBattery,2035-04-10 08:00,Oahu,77.3967,0,151.859
Oahu_DistBattery,2035-04-10 10:00,Oahu,150.443,0,422.656
Oahu_DistBattery,2035-04-10 12:00,Oahu,99.5087,0,601.772
Oahu_DistBattery,2035-04-10 14:00,Oahu,0,0,601.772
Oahu_DistBattery,2035-04-10 16:00,Oahu,0,0,601.772
Oahu_DistBattery,2035-04-10 18:00,Oahu,0,0,601.772
Oahu_DistBattery,2035-04-10 20:00,Oahu,0,0,601.772
Oahu_DistBattery,2035-04-10 22:00,Oahu,0,0,601.772
Oahu_DistBattery,2035-05-02 00:00,Oahu,0,0,601.772
Oahu_DistBattery,2035-05-02 02:00,Oahu,0,150.443,300.886
Oahu_DistBattery,2035-05-02 04:00,Oahu,0,0,300.886
Oahu_DistBattery,2035-05-02 06:00,Oahu,0,150.443,0
Oahu_DistBattery,2035-05-02 08:00,Oahu,0,0,0
Oahu_DistBattery,2035-05-02 10:00,Oahu,0,0,0
Oahu_DistBattery,2035-05-02 12:00,Oahu,150.443,0,270.797
Oahu_DistBattery,2035-05-02 14:00,Oahu,150.443,0,541.595
Oahu_DistBattery,2035-05-02 16:00,Oahu,150.443,105.31,601.772
Oahu_DistBattery,2035-05-02 18:00,Oahu,0,0,601.772
Oahu_DistBattery,2035-05-02 20:00,Oahu,0,0,601.772
Oahu_DistBattery,2035-05-02 22:00,Oahu,0,0,601.772
Oahu_DistBattery,2035-06-17 00:00,Oahu,0,0,300.886
Oahu_DistBattery,2035-06-17 02:00,Oahu,0,0,300.886
Oahu_DistBattery,2035-06-17 04:00,Oahu,0,0,300.886
Oahu_DistBattery,2035-06-17 06:00,Oahu,0,150.443,0
Oahu_DistBattery,2035-06-17 08:00,Oahu,45,0,81
Oahu_DistBattery,2035-06-17 10:00,Oahu,107.875,0,275.175
Oahu_DistBattery,2035-06-17 12:00,Oahu,150.443,0,545.972
Oahu_DistBattery,2035-06-17 14:00,Oahu,0,0,545.972
Oahu_DistBattery,2035-06-17 16:00,Oahu,31,0,601.772
Oahu_DistBattery,2035-06-17 18:00,Oahu,0,0,601.772
Oahu_DistBattery,2035-06-17 20:00,Oahu,0,150.443,300.886
Oahu_DistBattery,2035-06-17 22:00,Oahu,0,0,300.886
Oahu_DistBattery,2035-08-18 00:00,Oahu,0,0,300.886
Oahu_DistBattery,2035-08-18 02:00,Oahu,0,0,300.886
Oahu_DistBattery,2035-08-18 04:00,Oahu,0,0,300.886
Oahu_DistBattery,2035-08-18 06:00,Oahu,0,150.443,0
Oahu_DistBattery,2035-08-18 08:00,Oahu,0,0,0
Oahu_DistBattery,2035-08-18 10:00,Oahu,0,0,0
Oahu_DistBattery,2035-08-18 12:00,Oahu,150.443,0,270.797
Oahu_DistBattery,2035-08-18 14:00,Oahu,45,0,351.797
Oahu_DistBattery,2035-08-18 16:00,Oahu,150.443,10.4114,601.772
Oahu_DistBattery,2035-08-18 18:00,Oahu,0,0,601.772
Oahu_DistBattery,2035-08-18 20:00,Oahu,0,0,601.772
Oahu_DistBattery,2035-08-18 22:00,Oahu,0,150.443,300.886
Oahu_DistBattery,2035-09-10 00:00,Oahu,0,0,587.397
Oahu_DistBattery,2035-09-10 02:00,Oahu,0,0,587.397
Oahu_DistBattery,2035-09-10 04:00,Oahu,0,150.443,286.511
Oahu_DistBattery,2035-09-10 06:00,Oahu,0,143.255,0
Oahu_DistBattery,2035-09-10 08:00,Oahu,150.443,0,270.797
Oahu_DistBattery,2035-09-10 10:00,Oahu,0,0,270.797
Oahu_DistBattery,2035-09-10 12:00,Oahu,150.443,44.1614,453.272
Oahu_DistBattery,2035-09-10 14:00,Oahu,37.5,0,520.772
Oahu_DistBattery,2035-09-10 16:00,Oahu,45,0,601.772
Oahu_DistBattery,2035-09-10 18:00,Oahu,0,0,601.772
Oahu_DistBattery,2035-09-10 20:00,Oahu,0,7.18761,587.397
Oahu_DistBattery,2035-09-10 22:00,Oahu,0,0,587.397
Oahu_DistBattery,2035-09-22 00:00,Oahu,0,0,446.516
Oahu_DistBattery,2035-09-22 02:00,Oahu,0,0.872143,444.772
Oahu_DistBattery,2035-09-22 04:00,Oahu,0,71.943,300.886
Oahu_DistBattery,2035-09-22 06:00,Oahu,0,150.443,0
Oahu_DistBattery,2035-09-22 08:00,Oahu,33.4318,0,60.1772
Oahu_DistBattery,2035-09-22 10:00,Oahu,0,0,60.1772
Oahu_DistBattery,2035-09-22 12:00,Oahu,150.443,0,330.975
Oahu_DistBattery,2035-09-22 14:00,Oahu,150.443,0,601.772
Oahu_DistBattery,2035-09-22 16:00,Oahu,0,0,601.772
Oahu_DistBattery,2035-09-22 18:00,Oahu,0,4.43127,592.909
Oahu_DistBattery,2035-09-22 20:00,Oahu,0,73.1966,446.516
Oahu_DistBattery,2035-09-22 22:00,Oahu,0,0,446.516
Oahu_DistBattery,2035-10-27 00:00,Oahu,0,0,389.47
Oahu_DistBattery,2035-10-27 02:00,Oahu,0,0,389.47
Oahu_DistBattery,2035-10-27 04:00,Oahu,0,150.443,88.5843
Oahu_DistBattery,2035-10-27 06:00,Oahu,0,44.2922,0
Oahu_DistBattery,2035-10-27 08:00,Oahu,150.443,0,270.797
Oahu_DistBattery,2035-10-27 10:00,Oahu,150.443,0,541.595
Oahu_DistBattery,2035-10-27 12:00,Oahu,0,0,541.595
Oahu_DistBattery,2035-10-27 14:00,Oahu,33.4318,0,601.772
Oahu_DistBattery,2035-10-27 16:00,Oahu,0,0,601.772
Oahu_DistBattery,2035-10-27 18:00,Oahu,0,106.151,389.47
Oahu_DistBattery,2035-10-27 20:00,Oahu,0,0,389.47
Oahu_DistBattery,2035-10-27 22:00,Oahu,0,0,389.47
Oahu_DistBattery,2035-11-22 00:00,Oahu,0,0,0
Oahu_DistBattery,2035-11-22 02:00,Oahu,0,0,0
Oahu_DistBattery,2035-11-22 04:00,Oahu,0,0,0
Oahu_DistBattery,2035-11-22 06:00,Oahu,0,0,0
Oahu_DistBattery,2035-11-22 08:00,Oahu,0,0,0
Oahu_DistBattery,2035-11-22 10:00,Oahu,0,0,0
Oahu_DistBattery,2035-11-22 12:00,Oahu,150.443,0,270.797
Oahu_DistBattery,2035-11-22 14:00,Oahu,33.4318,0,330.975
Oahu_DistBattery,2035-11-22 16:00,Oahu,150.443,0,601.772
Oahu_DistBattery,2035-11-22 18:00,Oahu,0,34.8611,532.05
Oahu_DistBattery,2035-11-22 20:00,Oahu,0,150.443,231.164
Oahu_DistBattery,2035-11-22 22:00,Oahu,0,115.582,0
Oahu_DistBattery,2035-12-15 00:00,Oahu,0,150.443,300.886
Oahu_DistBattery,2035-12-15 02:00,Oahu,0,0,300.886
Oahu_DistBattery,2035-12-15 04:00,Oahu,0,0,300.886
Oahu_DistBattery,2035-12-15 06:00,Oahu,0,150.443,0
Oahu_DistBattery,2035-12-15 08:00,Oahu,33.4318,0,60.1772
Oahu_DistBattery,2035-12-15 10:00,Oahu,0,0,60.1772
Oahu_DistBattery,2035-12-15 12:00,Oahu,150.443,0,330.975
Oahu_DistBattery,2035-12-15 14:00,Oahu,150.443,0,601.772
Oahu_DistBattery,2035-12-15 16:00,Oahu,0,0,601.772
Oahu_DistBattery,2035-12-15 18:00,Oahu,0,0,601.772
Oahu_DistBattery,2035-12-15 20:00,Oahu,0,0,601.772
Oahu_DistBattery,2035-12-15 22:00,Oahu,0,0,601.772
Oahu_DistBattery,2040-01-12 00:00,Oahu,0,0,180
Oahu_DistBattery,2040-01-12 02:00,Oahu,0,0,180
Oahu_DistBattery,2040-01-12 04:00,Oahu,0,90,0
Oahu_DistBattery,2040-01-12 06:00,Oahu,0,0,0
Oahu_DistBattery,2040-01-12 08:00,Oahu,44.2589,0,79.666
Oahu_DistBattery,2040-01-12 10:00,Oahu,199.165,0,438.163
Oahu_DistBattery,2040-01-12 12:00,Oahu,199.165,0,796.66
Oahu_DistBattery,2040-01-12 14:00,Oahu,0,0,796.66
Oahu_DistBattery,2040-01-12 16:00,Oahu,0,0,796.66
Oahu_DistBattery,2040-01-12 18:00,Oahu,0,109.165,578.33
Oahu_DistBattery,2040-01-12 20:00,Oahu,0,0,578.33
Oahu_DistBattery,2040-01-12 22:00,Oahu,0,199.165,180
Oahu_DistBattery,2040-01-19 00:00,Oahu,0,0,350.937
Oahu_DistBattery,2040-01-19 02:00,Oahu,26.3295,0,398.33
Oahu_DistBattery,2040-01-19 04:00,Oahu,0,0,398.33
Oahu_DistBattery,2040-01-19 06:00,Oahu,0,199.165,0
Oahu_DistBattery,2040-01-19 08:00,Oahu,199.165,0,358.497
Oahu_DistBattery,2040-01-19 10:00,Oahu,0,0,358.497
Oahu_DistBattery,2040-01-19 12:00,Oahu,0,0,358.497
Oahu_DistBattery,2040-01-19 14:00,Oahu,199.165,0,716.994
Oahu_DistBattery,2040-01-19 16:00,Oahu,0,0,716.994
Oahu_DistBattery,2040-01-19 18:00,Oahu,0,59.7306,597.533
Oahu_DistBattery,2040-01-19 20:00,Oahu,0,0,597.533
Oahu_DistBattery,2040-01-19 22:00,Oahu,0,123.298,350.937
Oahu_DistBattery,2040-02-12 00:00,Oahu,0,0,398.33
Oahu_DistBattery,2040-02-12 02:00,Oahu,0,0,398.33
Oahu_DistBattery,2040-02-12 04:00,Oahu,0,0,398.33
Oahu_DistBattery,2040-02-12 06:00,Oahu,0,199.165,0
Oahu_DistBattery,2040-02-12 08:00,Oahu,199.165,0,358.497
Oahu_DistBattery,2040-02-12 10:00,Oahu,27.9327,0,408.776
Oahu_DistBattery,2040-02-12 12:00,Oahu,199.165,0,767.273
Oahu_DistBattery,2040-02-12 14:00,Oahu,0,0,767.273
Oahu_DistBattery,2040-02-12 16:00,Oahu,199.165,164.555,796.66
Oahu_DistBattery,2040-02-12 18:00,Oahu,0,117.412,561.837
Oahu_DistBattery,2040-02-12 20:00,Oahu,0,81.7533,398.33
Oahu_DistBattery,2040-02-12 22:00,Oahu,0,0,398.33
Oahu_DistBattery,2040-02-20 00:00,Oahu,0,0,398.33
Oahu_DistBattery,2040-02-20 02:00,Oahu,0,0,398.33
Oahu_DistBattery,2040-02-20 04:00,Oahu,0,199.165,0
Oahu_DistBattery,2040-02-20 06:00,Oahu,0,0,0
Oahu_DistBattery,2040-02-20 08:00,Oahu,0,0,0
Oahu_DistBattery,2040-02-20 10:00,Oahu,199.165,0,358.497
Oahu_DistBattery,2040-02-20 12:00,Oahu,44.2589,0,438.163
Oahu_DistBattery,2040-02-20 14:00,Oahu,199.165,0,796.66
Oahu_DistBattery,2040-02-20 16:00,Oahu,0,0,796.66
Oahu_DistBattery,2040-02-20 18:00,Oahu,0,90,616.66
Oahu_DistBattery,2040-02-20 20:00,Oahu,0,109.165,398.33
Oahu_DistBattery,2040-02-20 22:00,Oahu,0,0,398.33
Oahu_DistBattery,2040-04-10 00:00,Oahu,0,144.369,109.591
Oahu_DistBattery,2040-04-10 02:00,Oahu,0,0,109.591
Oahu_DistBattery,2040-04-10 04:00,Oahu,0,54.7957,0
Oahu_DistBattery,2040-04-10 06:00,Oahu,0,0,0
Oahu_DistBattery,2040-04-10 08:00,Oahu,199.165,0,358.497
Oahu_DistBattery,2040-04-10 10:00,Oahu,199.165,0,716.994
Oahu_DistBattery,2040-04-10 12:00,Oahu,44.2589,0,796.66
Oahu_DistBattery,2040-04-10 14:00,Oahu,0,0,796.66
Oahu_DistBattery,2040-04-10 16:00,Oahu,0,0,796.66
Oahu_DistBattery,2040-04-10 18:00,Oahu,0,199.165,398.33
Oahu_DistBattery,2040-04-10 20:00,Oahu,0,0,398.33
Oahu_DistBattery,2040-04-10 22:00,Oahu,0,0,398.33
Oahu_DistBattery,2040-05-02 00:00,Oahu,0,0,796.66
Oahu_DistBattery,2040-05-02 02:00,Oahu,0,0,796.66
Oahu_DistBattery,2040-05-02 04:00,Oahu,0,199.165,398.33
Oahu_DistBattery,2040-05-02 06:00,Oahu,0,199.165,0
Oahu_DistBattery,2040-05-02 08:00,Oahu,0,0,0
Oahu_DistBattery,2040-05-02 10:00,Oahu,0,0,0
Oahu_DistBattery,2040-05-02 12:00,Oahu,199.165,11.7786,334.94
Oahu_DistBattery,2040-05-02 14:00,Oahu,199.165,0,693.437
Oahu_DistBattery,2040-05-02 16:00,Oahu,199.165,127.637,796.66
Oahu_DistBattery,2040-05-02 18:00,Oahu,0,0,796.66
Oahu_DistBattery,2040-05-02 20:00,Oahu,81.8182,73.6364,796.66
Oahu_DistBattery,2040-05-02 22:00,Oahu,0,0,796.66
Oahu_DistBattery,2040-06-17 00:00,Oahu,0,0,472.13
Oahu_DistBattery,2040-06-17 02:00,Oahu,0,0,472.13
Oahu_DistBattery,2040-06-17 04:00,Oahu,0,138.41,195.311
Oahu_DistBattery,2040-06-17 06:00,Oahu,0,97.6555,0
Oahu_DistBattery,2040-06-17 08:00,Oahu,0,0,0
Oahu_DistBattery,2040-06-17 10:00,Oahu,198.424,0,357.163
Oahu_DistBattery,2040-06-17 12:00,Oahu,199.165,0,715.66
Oahu_DistBattery,2040-06-17 14:00,Oahu,0,0,715.66
Oahu_DistBattery,2040-06-17 16:00,Oahu,45,0,796.66
Oahu_DistBattery,2040-06-17 18:00,Oahu,0,0,796.66
Oahu_DistBattery,2040-06-17 20:00,Oahu,0,162.265,472.13
Oahu_DistBattery,2040-06-17 22:00,Oahu,0,0,472.13
Oahu_DistBattery,2040-08-18 00:00,Oahu,0,0,632.426
Oahu_DistBattery,2040-08-18 02:00,Oahu,0,0,632.426
Oahu_DistBattery,2040-08-18 04:00,Oahu,0,117.048,398.33
Oahu_DistBattery,2040-08-18 06:00,Oahu,0,199.165,0
Oahu_DistBattery,2040-08-18 08:00,Oahu,0,0,0
Oahu_DistBattery,2040-08-18 10:00,Oahu,0,0,0
Oahu_DistBattery,2040-08-18 12:00,Oahu,199.165,0,358.497
Oahu_DistBattery,2040-08-18 14:00,Oahu,199.165,0,716.994
Oahu_DistBattery,2040-08-18 16:00,Oahu,199.165,139.416,796.66
Oahu_DistBattery,2040-08-18 18:00,Oahu,0,0,796.66
Oahu_DistBattery,2040-08-18 20:00,Oahu,0,82.1172,632.426
Oahu_DistBattery,2040-08-18 22:00,Oahu,0,0,632.426
Oahu_DistBattery,2040-09-10 00:00,Oahu,0,0,768.02
Oahu_DistBattery,2040-09-10 02:00,Oahu,0,0,768.02
Oahu_DistBattery,2040-09-10 04:00,Oahu,0,199.165,369.69
Oahu_DistBattery,2040-09-10 06:00,Oahu,0,184.845,0
Oahu_DistBattery,2040-09-10 08:00,Oahu,199.165,0,358.497
Oahu_DistBattery,2040-09-10 10:00,Oahu,37.5,0,425.997
Oahu_DistBattery,2040-09-10 12:00,Oahu,6.75889,0,438.163
Oahu_DistBattery,2040-09-10 14:00,Oahu,0,0,438.163
Oahu_DistBattery,2040-09-10 16:00,Oahu,199.165,0,796.66
Oahu_DistBattery,2040-09-10 18:00,Oahu,0,14.3201,768.02
Oahu_DistBattery,2040-09-10 20:00,Oahu,0,0,768.02
Oahu_DistBattery,2040-09-10 22:00,Oahu,0,0,768.02
Oahu_DistBattery,2040-09-22 00:00,Oahu,0,0,398.33
Oahu_DistBattery,2040-09-22 02:00,Oahu,0,0,398.33
Oahu_DistBattery,2040-09-22 04:00,Oahu,0,0,398.33
Oahu_DistBattery,2040-09-22 06:00,Oahu,0,199.165,0
Oahu_DistBattery,2040-09-22 08:00,Oahu,44.2589,0,79.666
Oahu_DistBattery,2040-09-22 10:00,Oahu,0,0,79.666
Oahu_DistBattery,2040-09-22 12:00,Oahu,199.165,0,438.163
Oahu_DistBattery,2040-09-22 14:00,Oahu,0,0,438.163
Oahu_DistBattery,2040-09-22 16:00,Oahu,199.165,0,796.66
Oahu_DistBattery,2040-09-22 18:00,Oahu,0,121.701,553.259
Oahu_DistBattery,2040-09-22 20:00,Oahu,0,0,553.259
Oahu_DistBattery,2040-09-22 22:00,Oahu,0,77.4645,398.33
Oahu_DistBattery,2040-10-27 00:00,Oahu,0,0,0
Oahu_DistBattery,2040-10-27 02:00,Oahu,0,0,0
Oahu_DistBattery,2040-10-27 04:00,Oahu,0,0,0
Oahu_DistBattery,2040-10-27 06:00,Oahu,0,0,0
Oahu_DistBattery,2040-10-27 08:00,Oahu,44.2589,0,79.666
Oahu_DistBattery,2040-10-27 10:00,Oahu,199.165,0,438.163
Oahu_DistBattery,2040-10-27 12:00,Oahu,199.165,0,796.66
Oahu_DistBattery,2040-10-27 14:00,Oahu,0,0,796.66
Oahu_DistBattery,2040-10-27 16:00,Oahu,0,0,796.66
Oahu_DistBattery,2040-10-27 18:00,Oahu,0,54.3182,688.024
Oahu_DistBattery,2040-10-27 20:00,Oahu,0,144.847,398.33
Oahu_DistBattery,2040-10-27 22:00,Oahu,0,199.165,0
Oahu_DistBattery,2040-11-22 00:00,Oahu,59.9864,0,362.72
Oahu_DistBattery,2040-11-22 02:00,Oahu,0,2.85706,357.006
Oahu_DistBattery,2040-11-22 04:00,Oahu,0,8.30922,340.388
Oahu_DistBattery,2040-11-22 06:00,Oahu,0,165.681,9.02498
Oahu_DistBattery,2040-11-22 08:00,Oahu,0,4.51249,0
Oahu_DistBattery,2040-11-22 10:00,Oahu,199.165,0,358.497
Oahu_DistBattery,2040-11-22 12:00,Oahu,44.2589,0,438.163
Oahu_DistBattery,2040-11-22 14:00,Oahu,199.165,0,796.66
Oahu_DistBattery,2040-11-22 16:00,Oahu,0,0,796.66
Oahu_DistBattery,2040-11-22 18:00,Oahu,0,140.983,514.694
Oahu_DistBattery,2040-11-22 20:00,Oahu,0,63.0807,388.533
Oahu_DistBattery,2040-11-22 22:00,Oahu,0,66.894,254.745
Oahu_DistBattery,2040-12-15 00:00,Oahu,0,0,358.497
Oahu_DistBattery,2040-12-15 02:00,Oahu,0,0,358.497
Oahu_DistBattery,2040-12-15 04:00,Oahu,0,0,358.497
Oahu_DistBattery,2040-12-15 06:00,Oahu,0,179.249,0
Oahu_DistBattery,2040-12-15 08:00,Oahu,0,0,0
Oahu_DistBattery,2040-12-15 10:00,Oahu,0,0,0
Oahu_DistBattery,2040-12-15 12:00,Oahu,199.165,0,358.497
Oahu_DistBattery,2040-12-15 14:00,Oahu,0,0,358.497
Oahu_DistBattery,2040-12-15 16:00,Oahu,0,0,358.497
Oahu_DistBattery,2040-12-15 18:00,Oahu,0,0,358.497
Oahu_DistBattery,2040-12-15 20:00,Oahu,0,0,358.497
Oahu_DistBattery,2040-12-15 22:00,Oahu,0,0,358.497
Oahu_DistBattery,2045-01-12 00:00,Oahu,0,137.192,726.767
Oahu_DistBattery,2045-01-12 02:00,Oahu,0,250.288,226.191
Oahu_DistBattery,2045-01-12 04:00,Oahu,0,0,226.191
Oahu_DistBattery,2045-01-12 06:00,Oahu,0,113.096,0
Oahu_DistBattery,2045-01-12 08:00,Oahu,0,0,0
Oahu_DistBattery,2045-01-12 10:00,Oahu,0,0,0
Oahu_DistBattery,2045-01-12 12:00,Oahu,0,0,0
Oahu_DistBattery,2045-01-12 14:00,Oahu,250.288,0.835442,448.848
Oahu_DistBattery,2045-01-12 16:00,Oahu,250.288,0,899.366
Oahu_DistBattery,2045-01-12 18:00,Oahu,56.5478,0,1001.15
Oahu_DistBattery,2045-01-12 20:00,Oahu,0,0,1001.15
Oahu_DistBattery,2045-01-12 22:00,Oahu,0,0,1001.15
Oahu_DistBattery,2045-01-19 00:00,Oahu,0,23.9595,475.288
Oahu_DistBattery,2045-01-19 02:00,Oahu,0,0,475.288
Oahu_DistBattery,2045-01-19 04:00,Oahu,0,0,475.288
Oahu_DistBattery,2045-01-19 06:00,Oahu,0,237.644,0
Oahu_DistBattery,2045-01-19 08:00,Oahu,0,0,0
Oahu_DistBattery,2045-01-19 10:00,Oahu,0,0,0
Oahu_DistBattery,2045-01-19 12:00,Oahu,250.288,0,450.518
Oahu_DistBattery,2045-01-19 14:00,Oahu,250.288,0,901.037
Oahu_DistBattery,2045-01-19 16:00,Oahu,0,92.9104,715.216
Oahu_DistBattery,2045-01-19 18:00,Oahu,0,96.0044,523.207
Oahu_DistBattery,2045-01-19 20:00,Oahu,0,0,523.207
Oahu_DistBattery,2045-01-19 22:00,Oahu,0,0,523.207
Oahu_DistBattery,2045-02-12 00:00,Oahu,0,0,717.813
Oahu_DistBattery,2045-02-12 02:00,Oahu,0,108.619,500.576
Oahu_DistBattery,2045-02-12 04:00,Oahu,0,250.288,0
Oahu_DistBattery,2045-02-12 06:00,Oahu,0,0,0
Oahu_DistBattery,2045-02-12 08:00,Oahu,0,0,0
Oahu_DistBattery,2045-02-12 10:00,Oahu,0,0,0
Oahu_DistBattery,2045-02-12 12:00,Oahu,55.6196,0,100.115
Oahu_DistBattery,2045-02-12 14:00,Oahu,250.288,0,550.634
Oahu_DistBattery,2045-02-12 16:00,Oahu,250.288,0,1001.15
Oahu_DistBattery,2045-02-12 18:00,Oahu,0,137.192,726.767
Oahu_DistBattery,2045-02-12 20:00,Oahu,0,4.47695,717.813
Oahu_DistBattery,2045-02-12 22:00,Oahu,0,0,717.813
Oahu_DistBattery,2045-02-20 00:00,Oahu,0,0,748.303
Oahu_DistBattery,2045-02-20 02:00,Oahu,0,0,748.303
Oahu_DistBattery,2045-02-20 04:00,Oahu,0,123.864,500.576
Oahu_DistBattery,2045-02-20 06:00,Oahu,0,250.288,0
Oahu_DistBattery,2045-02-20 08:00,Oahu,250.288,0,450.518
Oahu_DistBattery,2045-02-20 10:00,Oahu,250.288,175.202,550.634
Oahu_DistBattery,2045-02-20 12:00,Oahu,250.288,0,1001.15
Oahu_DistBattery,2045-02-20 14:00,Oahu,0,0,1001.15
Oahu_DistBattery,2045-02-20 16:00,Oahu,0,0,1001.15
Oahu_DistBattery,2045-02-20 18:00,Oahu,0,33.7591,933.634
Oahu_DistBattery,2045-02-20 20:00,Oahu,0,92.6652,748.303
Oahu_DistBattery,2045-02-20 22:00,Oahu,0,0,748.303
Oahu_DistBattery,2045-04-10 00:00,Oahu,0,0,957.088
Oahu_DistBattery,2045-04-10 02:00,Oahu,0,250.288,456.512
Oahu_DistBattery,2045-04-10 04:00,Oahu,0,228.256,0
Oahu_DistBattery,2045-04-10 06:00,Oahu,0,0,0
Oahu_DistBattery,2045-04-10 08:00,Oahu,250.288,0,450.518
Oahu_DistBattery,2045-04-10 10:00,Oahu,0,0,450.518
Oahu_DistBattery,2045-04-10 12:00,Oahu,168.028,0,752.969
Oahu_DistBattery,2045-04-10 14:00,Oahu,45,0,833.969
Oahu_DistBattery,2045-04-10 16:00,Oahu,68.3996,0,957.088
Oahu_DistBattery,2045-04-10 18:00,Oahu,0,0,957.088
Oahu_DistBattery,2045-04-10 20:00,Oahu,0,0,957.088
Oahu_DistBattery,2045-04-10 22:00,Oahu,0,0,957.088
Oahu_DistBattery,2045-05-02 00:00,Oahu,0,0,1001.15
Oahu_DistBattery,2045-05-02 02:00,Oahu,0,32.894,935.364
Oahu_DistBattery,2045-05-02 04:00,Oahu,0,217.394,500.576
Oahu_DistBattery,2045-05-02 06:00,Oahu,0,250.288,0
Oahu_DistBattery,2045-05-02 08:00,Oahu,0,0,0
Oahu_DistBattery,2045-05-02 10:00,Oahu,0,0,0
Oahu_DistBattery,2045-05-02 12:00,Oahu,250.288,0,450.518
Oahu_DistBattery,2045-05-02 14:00,Oahu,19.1196,0,484.934
Oahu_DistBattery,2045-05-02 16:00,Oahu,250.288,0,935.452
Oahu_DistBattery,2045-05-02 18:00,Oahu,36.5,0,1001.15
Oahu_DistBattery,2045-05-02 20:00,Oahu,0,0,1001.15
Oahu_DistBattery,2045-05-02 22:00,Oahu,0,0,1001.15
Oahu_DistBattery,2045-06-17 00:00,Oahu,0,250.288,291.352
Oahu_DistBattery,2045-06-17 02:00,Oahu,0,0,291.352
Oahu_DistBattery,2045-06-17 04:00,Oahu,0,0,291.352
Oahu_DistBattery,2045-06-17 06:00,Oahu,0,145.676,0
Oahu_DistBattery,2045-06-17 08:00,Oahu,250.288,0,450.518
Oahu_DistBattery,2045-06-17 10:00,Oahu,0,0,450.518
Oahu_DistBattery,2045-06-17 12:00,Oahu,250.288,175.202,550.634
Oahu_DistBattery,2045-06-17 14:00,Oahu,250.288,0,1001.15
Oahu_DistBattery,2045-06-17 16:00,Oahu,0,0,1001.15
Oahu_DistBattery,2045-06-17 18:00,Oahu,0,0,1001.15
Oahu_DistBattery,2045-06-17 20:00,Oahu,0,104.612,791.928
Oahu_DistBattery,2045-06-17 22:00,Oahu,0,0,791.928
Oahu_DistBattery,2045-08-18 00:00,Oahu,0,0,1001.15
Oahu_DistBattery,2045-08-18 02:00,Oahu,0,0,1001.15
Oahu_DistBattery,2045-08-18 04:00,Oahu,0,250.288,500.576
Oahu_DistBattery,2045-08-18 06:00,Oahu,0,250.288,0
Oahu_DistBattery,2045-08-18 08:00,Oahu,0,0,0
Oahu_DistBattery,2045-08-18 10:00,Oahu,0,0,0
Oahu_DistBattery,2045-08-18 12:00,Oahu,94.1678,0,169.502
Oahu_DistBattery,2045-08-18 14:00,Oahu,0,0,169.502
Oahu_DistBattery,2045-08-18 16:00,Oahu,250.288,0,620.02
Oahu_DistBattery,2045-08-18 18:00,Oahu,211.74,0,1001.15
Oahu_DistBattery,2045-08-18 20:00,Oahu,0,0,1001.15
Oahu_DistBattery,2045-08-18 22:00,Oahu,66.3636,59.7273,1001.15
Oahu_DistBattery,2045-09-10 00:00,Oahu,0,0,1001.15
Oahu_DistBattery,2045-09-10 02:00,Oahu,0,0,1001.15
Oahu_DistBattery,2045-09-10 04:00,Oahu,0,250.288,500.576
Oahu_DistBattery,2045-09-10 06:00,Oahu,0,250.288,0
Oahu_DistBattery,2045-09-10 08:00,Oahu,0,0,0
Oahu_DistBattery,2045-09-10 10:00,Oahu,250.288,0,450.518
Oahu_DistBattery,2045-09-10 12:00,Oahu,250.288,175.202,550.634
Oahu_DistBattery,2045-09-10 14:00,Oahu,250.288,0,1001.15
Oahu_DistBattery,2045-09-10 16:00,Oahu,0,0,1001.15
Oahu_DistBattery,2045-09-10 18:00,Oahu,0,0,1001.15
Oahu_DistBattery,2045-09-10 20:00,Oahu,0,0,1001.15
Oahu_DistBattery,2045-09-10 22:00,Oahu,0,0,1001.15
Oahu_DistBattery,2045-09-22 00:00,Oahu,0,0,1001.15
Oahu_DistBattery,2045-09-22 02:00,Oahu,0,0,1001.15
Oahu_DistBattery,2045-09-22 04:00,Oahu,0,250.288,500.576
Oahu_DistBattery,2045-09-22 06:00,Oahu,0,250.288,0
Oahu_DistBattery,2045-09-22 08:00,Oahu,0,0,0
Oahu_DistBattery,2045-09-22 10:00,Oahu,36.5,0,65.7
Oahu_DistBattery,2045-09-22 12:00,Oahu,27.7637,0,115.675
Oahu_DistBattery,2045-09-22 14:00,Oahu,250.288,0,566.193
Oahu_DistBattery,2045-09-22 16:00,Oahu,250.288,7.77976,1001.15
Oahu_DistBattery,2045-09-22 18:00,Oahu,0,0,1001.15
Oahu_DistBattery,2045-09-22 20:00,Oahu,0,0,1001.15
Oahu_DistBattery,2045-09-22 22:00,Oahu,0,0,1001.15
Oahu_DistBattery,2045-10-27 00:00,Oahu,0,0,1001.15
Oahu_DistBattery,2045-10-27 02:00,Oahu,0,137.192,726.767
Oahu_DistBattery,2045-10-27 04:00,Oahu,0,250.288,226.191
Oahu_DistBattery,2045-10-27 06:00,Oahu,0,113.096,0
Oahu_DistBattery,2045-10-27 08:00,Oahu,0,0,0
Oahu_DistBattery,2045-10-27 10:00,Oahu,55.6196,0,100.115
Oahu_DistBattery,2045-10-27 12:00,Oahu,250.288,0,550.634
Oahu_DistBattery,2045-10-27 14:00,Oahu,250.288,0,1001.15
Oahu_DistBattery,2045-10-27 16:00,Oahu,0,0,1001.15
Oahu_DistBattery,2045-10-27 18:00,Oahu,0,0,1001.15
Oahu_DistBattery,2045-10-27 20:00,Oahu,102.814,92.5328,1001.15
Oahu_DistBattery,2045-10-27 22:00,Oahu,0,0,1001.15
Oahu_DistBattery,2045-11-22 00:00,Oahu,0,95.5483,410.656
Oahu_DistBattery,2045-11-22 02:00,Oahu,0,0,410.656
Oahu_DistBattery,2045-11-22 04:00,Oahu,0,0,410.656
Oahu_DistBattery,2045-11-22 06:00,Oahu,0,205.328,0
Oahu_DistBattery,2045-11-22 08:00,Oahu,26.8625,0,48.3525
Oahu_DistBattery,2045-11-22 10:00,Oahu,250.288,0,498.871
Oahu_DistBattery,2045-11-22 12:00,Oahu,166.045,0,797.752
Oahu_DistBattery,2045-11-22 14:00,Oahu,56.5,0,899.452
Oahu_DistBattery,2045-11-22 16:00,Oahu,56.5,0,1001.15
Oahu_DistBattery,2045-11-22 18:00,Oahu,0,0,1001.15
Oahu_DistBattery,2045-11-22 20:00,Oahu,0,0,1001.15
Oahu_DistBattery,2045-11-22 22:00,Oahu,0,199.7,601.752
Oahu_DistBattery,2045-12-15 00:00,Oahu,0,0,500.576
Oahu_DistBattery,2045-12-15 02:00,Oahu,0,0,500.576
Oahu_DistBattery,2045-12-15 04:00,Oahu,0,250.288,0
Oahu_DistBattery,2045-12-15 06:00,Oahu,0,0,0
Oahu_DistBattery,2045-12-15 08:00,Oahu,250.288,0,450.518
Oahu_DistBattery,2045-12-15 10:00,Oahu,0,0,450.518
Oahu_DistBattery,2045-12-15 12:00,Oahu,250.288,175.202,550.634
Oahu_DistBattery,2045-12-15 14:00,Oahu,250.288,0,1001.15
Oahu_DistBattery,2045-12-15 16:00,Oahu,0,0,1001.15
Oahu_DistBattery,2045-12-15 18:00,Oahu,0,0,1001.15
Oahu_DistBattery,2045-12-15 20:00,Oahu,0,0,1001.15
Oahu_DistBattery,2045-12-15 22:00,Oahu,0,250.288,500.576
Oahu_DistBattery,2050-01-12 00:00,Oahu,0,0,0
Oahu_DistBattery,2050-01-12 02:00,Oahu,0,0,0
Oahu_DistBattery,2050-01-12 04:00,Oahu,201.533,0,362.759
Oahu_DistBattery,2050-01-12 06:00,Oahu,0,181.38,0
Oahu_DistBattery,2050-01-12 08:00,Oahu,141.83,0,255.295
Oahu_DistBattery,2050-01-12 10:00,Oahu,0,0,255.295
Oahu_DistBattery,2050-01-12 12:00,Oahu,250.288,0,705.813
Oahu_DistBattery,2050-01-12 14:00,Oahu,0,0,705.813
Oahu_DistBattery,2050-01-12 16:00,Oahu,0,0,705.813
Oahu_DistBattery,2050-01-12 18:00,Oahu,0,0,705.813
Oahu_DistBattery,2050-01-12 20:00,Oahu,0,175.619,354.576
Oahu_DistBattery,2050-01-12 22:00,Oahu,0,177.288,0
Oahu_DistBattery,2050-01-19 00:00,Oahu,250.288,0,450.518
Oahu_DistBattery,2050-01-19 02:00,Oahu,0,0,450.518
Oahu_DistBattery,2050-01-19 04:00,Oahu,0,208.052,34.4152
Oahu_DistBattery,2050-01-19 06:00,Oahu,0,0,34.4152
Oahu_DistBattery,2050-01-19 08:00,Oahu,0,0,34.4152
Oahu_DistBattery,2050-01-19 10:00,Oahu,250.288,0,484.934
Oahu_DistBattery,2050-01-19 12:00,Oahu,250.288,0,935.452
Oahu_DistBattery,2050-01-19 14:00,Oahu,36.5,0,1001.15
Oahu_DistBattery,2050-01-19 16:00,Oahu,0,0,1001.15
Oahu_DistBattery,2050-01-19 18:00,Oahu,0,250.288,500.576
Oahu_DistBattery,2050-01-19 20:00,Oahu,0,250.288,0
Oahu_DistBattery,2050-01-19 22:00,Oahu,0,0,0
Oahu_DistBattery,2050-02-12 00:00,Oahu,130.911,0,354.576
Oahu_DistBattery,2050-02-12 02:00,Oahu,0,0,354.576
Oahu_DistBattery,2050-02-12 04:00,Oahu,0,0,354.576
Oahu_DistBattery,2050-02-12 06:00,Oahu,0,177.288,0
Oahu_DistBattery,2050-02-12 08:00,Oahu,0,0,0
Oahu_DistBattery,2050-02-12 10:00,Oahu,87.3844,0,157.292
Oahu_DistBattery,2050-02-12 12:00,Oahu,250.288,61.4384,484.934
Oahu_DistBattery,2050-02-12 14:00,Oahu,250.288,0,935.452
Oahu_DistBattery,2050-02-12 16:00,Oahu,36.5,0,1001.15
Oahu_DistBattery,2050-02-12 18:00,Oahu,0,190.82,619.512
Oahu_DistBattery,2050-02-12 20:00,Oahu,0,250.288,118.936
Oahu_DistBattery,2050-02-12 22:00,Oahu,0,0,118.936
Oahu_DistBattery,2050-02-20 00:00,Oahu,0,0,855.152
Oahu_DistBattery,2050-02-20 02:00,Oahu,0,250.288,354.576
Oahu_DistBattery,2050-02-20 04:00,Oahu,0,0,354.576
Oahu_DistBattery,2050-02-20 06:00,Oahu,0,177.288,0
Oahu_DistBattery,2050-02-20 08:00,Oahu,55.6196,0,100.115
Oahu_DistBattery,2050-02-20 10:00,Oahu,0,0,100.115
Oahu_DistBattery,2050-02-20 12:00,Oahu,250.288,0,550.634
Oahu_DistBattery,2050-02-20 14:00,Oahu,250.288,0,1001.15
Oahu_DistBattery,2050-02-20 16:00,Oahu,0,0,1001.15
Oahu_DistBattery,2050-02-20 18:00,Oahu,0,0,1001.15
Oahu_DistBattery,2050-02-20 20:00,Oahu,0,0,1001.15
Oahu_DistBattery,2050-02-20 22:00,Oahu,0,73,855.152
Oahu_DistBattery,2050-04-10 00:00,Oahu,0,250.288,500.576
Oahu_DistBattery,2050-04-10 02:00,Oahu,0,250.288,0
Oahu_DistBattery,2050-04-10 04:00,Oahu,0,0,0
Oahu_DistBattery,2050-04-10 06:00,Oahu,0,0,0
Oahu_DistBattery,2050-04-10 08:00,Oahu,250.288,0,450.518
Oahu_DistBattery,2050-04-10 10:00,Oahu,36.5,0,516.218
Oahu_DistBattery,2050-04-10 12:00,Oahu,250.288,0,966.737
Oahu_DistBattery,2050-04-10 14:00,Oahu,19.1196,0,1001.15
Oahu_DistBattery,2050-04-10 16:00,Oahu,0,0,1001.15
Oahu_DistBattery,2050-04-10 18:00,Oahu,0,0,1001.15
Oahu_DistBattery,2050-04-10 20:00,Oahu,0,0,1001.15
Oahu_DistBattery,2050-04-10 22:00,Oahu,0,0,1001.15
Oahu_DistBattery,2050-05-02 00:00,Oahu,130.911,0,301.34
Oahu_DistBattery,2050-05-02 02:00,Oahu,0,0,301.34
Oahu_DistBattery,2050-05-02 04:00,Oahu,0,150.67,0
Oahu_DistBattery,2050-05-02 06:00,Oahu,0,0,0
Oahu_DistBattery,2050-05-02 08:00,Oahu,0,0,0
Oahu_DistBattery,2050-05-02 10:00,Oahu,0,0,0
Oahu_DistBattery,2050-05-02 12:00,Oahu,250.288,17.1292,416.26
Oahu_DistBattery,2050-05-02 14:00,Oahu,10.3423,0,434.876
Oahu_DistBattery,2050-05-02 16:00,Oahu,0,0,434.876
Oahu_DistBattery,2050-05-02 18:00,Oahu,36.5,0,500.576
Oahu_DistBattery,2050-05-02 20:00,Oahu,0,250.288,0
Oahu_DistBattery,2050-05-02 22:00,Oahu,36.5,0,65.7
Oahu_DistBattery,2050-06-17 00:00,Oahu,0,0,500.576
Oahu_DistBattery,2050-06-17 02:00,Oahu,0,0,500.576
Oahu_DistBattery,2050-06-17 04:00,Oahu,0,0,500.576
Oahu_DistBattery,2050-06-17 06:00,Oahu,0,250.288,0
Oahu_DistBattery,2050-06-17 08:00,Oahu,250.288,175.202,100.115
Oahu_DistBattery,2050-06-17 10:00,Oahu,0,0,100.115
Oahu_DistBattery,2050-06-17 12:00,Oahu,250.288,0,550.634
Oahu_DistBattery,2050-06-17 14:00,Oahu,250.288,0,1001.15
Oahu_DistBattery,2050-06-17 16:00,Oahu,0,0,1001.15
Oahu_DistBattery,2050-06-17 18:00,Oahu,0,0,1001.15
Oahu_DistBattery,2050-06-17 20:00,Oahu,0,250.288,500.576
Oahu_DistBattery,2050-06-17 22:00,Oahu,0,0,500.576
Oahu_DistBattery,2050-08-18 00:00,Oahu,0,0,789.452
Oahu_DistBattery,2050-08-18 02:00,Oahu,36.5,0,855.152
Oahu_DistBattery,2050-08-18 04:00,Oahu,0,250.288,354.576
Oahu_DistBattery,2050-08-18 06:00,Oahu,0,177.288,0
Oahu_DistBattery,2050-08-18 08:00,Oahu,250.288,0,450.518
Oahu_DistBattery,2050-08-18 10:00,Oahu,0,0,450.518
Oahu_DistBattery,2050-08-18 12:00,Oahu,0,0,450.518
Oahu_DistBattery,2050-08-18 14:00,Oahu,0,0,450.518
Oahu_DistBattery,2050-08-18 16:00,Oahu,250.288,0,901.037
Oahu_DistBattery,2050-08-18 18:00,Oahu,0,55.7924,789.452
Oahu_DistBattery,2050-08-18 20:00,Oahu,0,0,789.452
Oahu_DistBattery,2050-08-18 22:00,Oahu,0,0,789.452
Oahu_DistBattery,2050-09-10 00:00,Oahu,0,0,500.576
Oahu_DistBattery,2050-09-10 02:00,Oahu,5.60611,0,510.667
Oahu_DistBattery,2050-09-10 04:00,Oahu,0,159.782,191.102
Oahu_DistBattery,2050-09-10 06:00,Oahu,0,0,191.102
Oahu_DistBattery,2050-09-10 08:00,Oahu,0,0,191.102
Oahu_DistBattery,2050-09-10 10:00,Oahu,0,0,191.102
Oahu_DistBattery,2050-09-10 12:00,Oahu,0,0,191.102
Oahu_DistBattery,2050-09-10 14:00,Oahu,250.288,45.4935,550.634
Oahu_DistBattery,2050-09-10 16:00,Oahu,250.288,0,1001.15
Oahu_DistBattery,2050-09-10 18:00,Oahu,0,0,1001.15
Oahu_DistBattery,2050-09-10 20:00,Oahu,0,0,1001.15
Oahu_DistBattery,2050-09-10 22:00,Oahu,0,250.288,500.576
Oahu_DistBattery,2050-09-22 00:00,Oahu,0,0,50.0576
Oahu_DistBattery,2050-09-22 02:00,Oahu,0,0,50.0576
Oahu_DistBattery,2050-09-22 04:00,Oahu,250.288,250.288,0
Oahu_DistBattery,2050-09-22 06:00,Oahu,0,0,0
Oahu_DistBattery,2050-09-22 08:00,Oahu,47.8896,0,86.2013
Oahu_DistBattery,2050-09-22 10:00,Oahu,250.288,0,536.72
Oahu_DistBattery,2050-09-22 12:00,Oahu,0,0,536.72
Oahu_DistBattery,2050-09-22 14:00,Oahu,0,0,536.72
Oahu_DistBattery,2050-09-22 16:00,Oahu,250.288,218.302,550.634
Oahu_DistBattery,2050-09-22 18:00,Oahu,0,0,550.634
Oahu_DistBattery,2050-09-22 20:00,Oahu,0,0,550.634
Oahu_DistBattery,2050-09-22 22:00,Oahu,0,250.288,50.0576
Oahu_DistBattery,2050-10-27 00:00,Oahu,0,0,0
Oahu_DistBattery,2050-10-27 02:00,Oahu,90.4766,0,162.858
Oahu_DistBattery,2050-10-27 04:00,Oahu,0,81.4289,0
Oahu_DistBattery,2050-10-27 06:00,Oahu,0,0,0
Oahu_DistBattery,2050-10-27 08:00,Oahu,0,0,0
Oahu_DistBattery,2050-10-27 10:00,Oahu,0,0,0
Oahu_DistBattery,2050-10-27 12:00,Oahu,0,0,0
Oahu_DistBattery,2050-10-27 14:00,Oahu,0,0,0
Oahu_DistBattery,2050-10-27 16:00,Oahu,0,0,0
Oahu_DistBattery,2050-10-27 18:00,Oahu,0,0,0
Oahu_DistBattery,2050-10-27 20:00,Oahu,5.75448,0,10.3581
Oahu_DistBattery,2050-10-27 22:00,Oahu,0,5.17903,0
Oahu_DistBattery,2050-11-22 00:00,Oahu,0,144.632,611.773
Oahu_DistBattery,2050-11-22 02:00,Oahu,0,59.228,493.317
Oahu_DistBattery,2050-11-22 04:00,Oahu,0,106.656,280.006
Oahu_DistBattery,2050-11-22 06:00,Oahu,0,140.003,0
Oahu_DistBattery,2050-11-22 08:00,Oahu,0,0,0
Oahu_DistBattery,2050-11-22 10:00,Oahu,250.288,0,450.518
Oahu_DistBattery,2050-11-22 12:00,Oahu,0,0,450.518
Oahu_DistBattery,2050-11-22 14:00,Oahu,0,0,450.518
Oahu_DistBattery,2050-11-22 16:00,Oahu,250.288,0,901.037
Oahu_DistBattery,2050-11-22 18:00,Oahu,0,0,901.037
Oahu_DistBattery,2050-11-22 20:00,Oahu,0,0,901.037
Oahu_DistBattery,2050-11-22 22:00,Oahu,0,0,901.037
Oahu_DistBattery,2050-12-15 00:00,Oahu,0,0,0
Oahu_DistBattery,2050-12-15 02:00,Oahu,0,0,0
Oahu_DistBattery,2050-12-15 04:00,Oahu,0,0,0
Oahu_DistBattery,2050-12-15 06:00,Oahu,0,0,0
Oahu_DistBattery,2050-12-15 08:00,Oahu,0,0,0
Oahu_DistBattery,2050-12-15 10:00,Oahu,0,0,0
Oahu_DistBattery,2050-12-15 12:00,Oahu,0,0,0
Oahu_DistBattery,2050-12-15 14:00,Oahu,0.64625,0,1.16325
Oahu_DistBattery,2050-12-15 16:00,Oahu,233.124,0,420.786
Oahu_DistBattery,2050-12-15 18:00,Oahu,0,141.123,138.541
Oahu_DistBattery,2050-12-15 20:00,Oahu,0,69.2706,0
Oahu_DistBattery,2050-12-15 22:00,Oahu,0,0,0
